-2.512662
-2.336559
-3.074972
-5.005335
-6.340373
-4.922598
-6.836671
-5.979360
-5.878648
-5.992054
-7.763586
-6.239768
-5.535905
-5.684810
-4.347489
-3.765035
 0.328101
-2.791671
-4.952745
-4.429555
-2.612828
-3.197460
-3.140481
-4.477077
-5.552128
-6.144518
-3.890788
-3.960852
-2.645682
 0.589369
 1.866319
 1.618868
 0.673134
 1.618195
 1.524062
 1.036811
-1.516604
-3.851109
-3.964903
-4.365050
-3.710166
-3.869902
-2.048212
-0.984376
 0.990268
 2.637260
 2.366402
 1.036467
 3.352803
 3.502050
 5.207509
 4.893166
 3.174610
 3.317602
 1.589193
 1.024524
 0.696909
 0.217816
 0.511932
 1.850620
 2.731392
 3.266021
 2.130161
 2.366280
-0.021919
 1.626336
 3.235792
 4.726418
 6.820324
 5.309903
 4.448531
 5.383905
 4.725891
 5.174569
 4.493237
 4.098982
 3.939736
 3.054930
 2.427957
 1.695241
 2.514436
 1.274979
 2.301550
 4.936579
 5.832308
 6.955727
 8.197864
 7.599993
 7.359705
 7.595644
 6.857557
 6.305662
 3.497538
 2.496587
 1.679179
 1.560022
 1.406608
 2.801926
 4.264002
 4.539839
 5.554487
 6.956333
 8.551150
 9.801304
 9.073366
 7.690938
 5.786406
 4.119750
 2.246841
 0.987809
 1.022539
 0.479820
-0.585928
 0.402624
 2.287976
 3.977859
 6.894683
 9.299473
 9.471137
10.092733
10.910162
 9.872845
 7.256592
 5.254594
 3.000725
 1.363176
-0.177276
-0.879832
-1.926224
 0.037722
 2.483025
 4.081421
 6.777801
 9.876722
11.383280
 9.672336
 8.231542
 6.788821
 6.424415
 4.017012
 3.588249
 2.998910
 0.399463
-2.588795
-1.040183
-1.501800
-1.738532
 1.397252
 3.228284
 4.523082
 6.005213
 6.423420
 5.283132
 5.120270
 5.293988
 3.845261
 1.864165
 0.051042
-0.739782
 0.533139
-2.765493
-1.654755
-0.092630
 1.812052
 1.329731
 0.484274
 0.687655
 2.886976
 3.923920
 2.088013
 1.383604
-0.933280
-0.212165
-0.243960
-1.232245
-2.310778
-1.224527
-2.131459
-1.589810
-2.110299
-2.885123
-3.393845
-4.168892
-4.064714
-2.345184
-1.880203
-2.331187
-2.477595
-2.397534
-1.630153
 0.087135
-0.128151
-1.866171
-1.768743
-3.453614
-4.105200
-4.596271
-6.233021
-7.176164
-7.745500
-8.038042
-5.417021
-5.087553
-4.429802
-2.755562
-1.316063
-0.756238
-1.598541
 1.178141
-1.181532
-3.840287
-7.126070
-8.647149
-9.736518
-10.643255
-11.428717
-9.205088
-7.487169
-6.698841
-3.858769
-3.367322
-2.782909
-1.196984
 1.260037
-1.041474
-0.626557
-1.152756
-3.827396
-7.098391
-10.200649
-11.178674
-9.682090
-10.016367
-8.588699
-7.363072
-5.514923
-3.243569
-2.637022
-1.201497
-0.768429
-2.360016
-2.578854
-3.711950
-5.366641
-7.248463
-9.572128
-9.447393
-10.061600
-8.413742
-7.520726
-6.105760
-4.966037
-4.866609
-4.512951
-3.967290
-2.575715
 4.282638
 3.384207
 1.405956
-0.831819
-1.173867
 0.265480
-2.506652
-3.096879
-3.451961
-3.437095
-6.022339
-1.061563
-0.276509
 1.487518
 5.543108
 5.610874
 3.482941
 0.931031
-0.029733
 0.576225
 1.620809
 0.592601
-1.898616
-4.434483
-4.981471
-4.747045
-4.625691
-2.103997
 0.075535
 3.918903
 6.451249
 5.502132
 3.393346
 2.250621
 0.282181
 0.683373
-0.185205
-1.007522
-1.558820
-4.818003
-4.643817
-5.402906
-3.403387
-1.788476
 1.222885
 4.831829
 5.815784
 4.205360
 4.451885
 2.463935
 2.030325
 0.604036
-1.457079
-0.343392
-2.959429
-5.370812
-5.120524
-6.072805
-3.335183
-0.827424
 1.570005
 4.823231
 4.390945
 4.410709
 2.663860
 3.882099
 3.297459
 1.919714
 0.726676
-1.580650
-3.631782
-4.415432
-5.718346
-5.441812
-3.772974
-1.095911
 1.318379
 3.703648
 3.639951
 3.665537
 3.429499
 2.140202
 3.626567
 3.999514
 1.373829
-0.413974
-2.306095
-4.949826
-5.681331
-4.667370
-3.811287
-1.007491
-1.102409
 2.827401
 2.921195
 3.603298
 4.022703
 2.762829
 4.058656
 3.369336
 1.821413
 0.796833
-0.755123
-3.649140
-6.030727
-5.304389
-4.723915
-1.687213
-2.242673
 1.964776
 3.218151
 3.141488
 3.864781
 2.781121
 4.652106
 3.860809
 3.890261
 2.776936
-0.783372
-3.055335
-4.851691
-5.540952
-6.243518
-2.575468
-3.614109
 0.852698
 2.001303
 2.496205
 4.102523
 3.767536
 5.735425
 4.153011
 5.600817
 5.299855
 0.406408
-4.881039
-6.022433
-6.256494
-5.563271
-3.907509
-3.150225
 0.833089
-0.239402
-0.407036
 2.274666
 2.536650
 4.330194
 6.131101
 6.513186
 6.014679
 1.547961
-4.632110
-7.015281
-5.835679
-4.461180
-4.371467
-4.286348
-0.406160
-0.627771
 1.047684
 1.808624
 3.238591
 5.106088
 7.211196
 5.366806
 4.767266
 1.522601
-2.575052
-5.920239
-7.270276
-4.446923
-5.906581
-2.889170
 0.043232
-1.216974
 0.251342
 0.921878
 2.289041
 5.285838
 6.262445
 4.257465
 4.104044
 0.652218
-2.601278
-4.258183
-6.658128
-4.513320
-5.601258
-2.410047
 1.110859
 0.832969
 0.376242
 0.993349
 2.622971
 3.629881
 5.605907
 3.804196
 2.587619
-0.267319
-3.342676
-4.791744
-4.231385
-4.248178
-4.937590
-0.721730
 2.554805
 1.545978
-0.161720
 1.343832
 0.718041
 1.340594
 2.704425
 2.656748
 1.867702
-1.033992
-4.357070
-3.027225
-3.069306
-3.996203
-2.588109
-0.660561
 2.792767
 3.065956
 2.543979
 1.594993
 1.785342
 1.484552
 0.755365
 0.065277
-0.617360
-1.720760
-3.097252
-3.977801
-2.453031
-3.646424
-1.609533
 0.839470
 2.796037
 4.287389
 3.204141
 2.412608
 2.372946
 1.233775
 0.069959
-0.885140
-2.103959
-1.147595
-3.885697
-2.982207
-2.471604
-3.260115
-1.527700
-0.005972
 2.413885
 4.536633
 4.816783
50030.911987
50034.147143
50019.694400
50020.524205
50062.782745
50111.817583
50119.140059
50080.278247
50023.937675
49976.283899
49947.218407
49931.895955
49912.910613
49905.907389
49931.796984
49985.504994
50016.907285
50019.289709
50007.151459
50007.727654
50049.619322
50104.413375
50118.281014
50086.118661
50037.490942
50000.492514
49979.881786
49967.040990
49946.378766
49925.334884
49936.924413
49978.074708
50006.974005
50010.321036
50001.902370
50004.385819
50048.230248
50104.109463
50118.438955
50083.996584
50042.610812
50025.324139
50026.151456
50028.860434
50012.111329
49978.364237
49962.277807
49979.462589
50001.534306
49995.258671
49981.859687
49982.890971
50026.969707
50085.812210
50100.223095
50063.415335
50027.395800
50031.072305
50063.267195
50093.569749
50088.441100
50040.162599
49996.907498
49992.052086
49998.821500
49978.920468
49952.064084
49939.923179
49972.949438
50026.362267
50041.860499
50009.154027
49984.614321
50010.389165
50073.306477
50131.445890
50139.453798
50085.440061
50026.777584
50004.914451
50007.945851
49969.977164
49918.380870
49881.835047
49899.881194
49946.914848
49967.255897
49947.693310
49937.479085
49978.572255
50059.175345
50131.716666
50149.190173
50104.340695
50046.965552
50022.414669
50033.046254
49975.847840
49893.019944
49829.797443
49833.631117
49878.319901
49905.298533
49899.282867
49901.381856
49949.420768
50034.791695
50110.999512
50137.557894
50107.512971
50065.426511
50050.692904
50070.183813
49998.325877
49891.640379
49806.663840
49795.510778
49832.080595
49863.488837
49867.618978
49876.282800
49925.952023
50009.038292
50084.760535
50117.057155
50104.947957
50084.755016
50086.568128
50098.923375
50023.955284
49909.420270
49812.548892
49785.006585
49798.617408
49817.215042
49826.914397
49847.965399
49901.954462
49982.309361
50053.518447
50091.229559
50092.531452
50091.093019
50108.495906
50090.015303
50030.232657
49931.591667
49837.707091
49801.599481
49792.857374
49780.971110
49778.441390
49805.033090
49865.544420
49942.500413
50014.519668
50054.781255
50058.549950
50064.520174
50091.197110
50046.994385
50012.513354
49945.542318
49870.462123
49834.153542
49814.625716
49777.847098
49744.749111
49759.903293
49822.858760
49900.371955
49973.766379
50014.839473
50012.796236
50013.004807
50037.295887
50000.843775
49993.165066
49963.572566
49918.329760
49893.863448
49869.190320
49811.751654
49753.955192
49747.101791
49804.516925
49878.484042
49949.714820
49982.109124
49970.114165
49960.143555
49980.288555
49985.764857
49996.962325
49995.946459
49981.418127
49972.950299
49949.866214
49884.627530
49812.531617
49789.888020
49826.317587
49888.635437
49948.467455
49966.268856
49947.880074
49934.165151
49954.148779
50003.958217
50024.619223
50037.753229
50040.989827
50049.915142
50039.060569
49979.824923
49904.498531
49865.331984
49875.967057
49913.874424
49952.291418
49958.305311
49941.573757
49934.714881
49961.188732
50024.011008
50047.129884
50059.580615
50069.814047
50092.804050
50101.339904
50061.146442
49992.229077
49942.443216
49925.863629
49934.679857
49948.459869
49941.646623
49932.698981
49938.885352
49975.609403
50035.543202
50049.110968
50047.267912
50053.504790
50087.925484
50119.422957
50105.356954
50051.789501
49996.050792
49959.152356
49942.151231
49935.111115
49920.938531
49917.401775
49938.789934
49985.502433
