-1.468899		 0.297431		 4.526235		 3.575209		 4.512656		-1.240419		-0.467334		 5.139795		 4.272103		 7.623274		-1.103833		-1.369253		 6.213542		 8.492692		-4.573228		 1.921988		 5.530192		 4.769452		-1.760286		-3.136611
 0.415821		 0.611175		 5.933027		 1.551276		 4.027436		-0.828839		 0.278441		 5.488303		 4.609266		 6.831857		-1.457068		-0.641128		 7.215699		 9.528090		-5.066050		 2.234884		 6.712789		 4.302121		-1.698278		-2.553305
-0.526551		 1.043198		 5.704901		 1.083296		 3.808309		 0.905393		-0.294036		 4.155931		 3.872165		 5.935476		-1.567440		-1.071289		 7.279217		 8.864238		-5.800355		 1.424209		 5.722237		 3.972883		-2.067478		-2.118921
-0.287816		 1.554423		 6.032944		 0.875255		 3.744272		 0.224122		 0.291080		 4.175061		 3.034500		 5.352653		-0.718343		-0.390788		 5.930885		 9.234915		-6.595689		 2.863676		 6.355193		 3.549657		-2.423487		-1.631904
 1.437645		 0.988313		 5.621468		 0.181517		 3.683761		 1.276850		 1.296319		 4.892132		 1.901427		 4.992530		 0.015735		-1.319934		 5.859498		 9.463500		-6.845715		 2.525692		 7.193139		 2.422859		-3.168738		-1.178967
 2.041318		 1.758218		 6.195105		-0.403473		 3.737898		 0.894199		 1.736054		 5.604818		 2.557072		 4.788883		 1.200865		-0.819345		 7.056664		 8.395112		-7.153187		 2.318767		 7.232539		 2.593970		-3.245350		-0.918422
 2.559696		 1.647101		 6.351688		-0.016975		 3.858543		 1.316968		 0.422047		 5.062951		 2.542937		 4.542377		 2.298865		 1.311009		 6.076320		 7.543725		-7.664813		 3.685108		 6.548615		 1.465701		-2.322928		-0.697646
 1.317643		 2.888813		 5.360472		-1.460981		 3.926986		 1.513624		 0.790089		 5.398169		 1.634116		 4.423748		 1.322174		 0.151578		 6.387564		 7.079512		-7.692222		 2.364143		 7.040144		-0.931507		-1.547200		-0.576696
 2.322632		 2.789846		 6.052129		-2.710339		 4.136329		 0.618772		 1.802469		 4.747500		 0.173918		 4.309013		 0.771422		 2.476904		 6.944816		 6.479009		-7.952612		 3.332716		 7.106218		-0.424750		-0.964341		-0.452221
 4.074080		 3.881597		 4.538612		-1.789003		 4.530975		-0.172345		 2.516489		 5.553078		 1.041724		 4.356606		 2.566146		 2.022669		 7.440306		 5.308139		-8.093317		 3.669010		 8.781413		-0.715587		-2.143743		-0.308400
 4.026844		 2.894605		 5.123512		-3.555965		 4.779001		-0.190553		 2.725907		 5.142290		 0.499466		 4.351101		 1.303147		 3.750114		 7.820013		 4.254991		-8.153225		 2.864176		 8.506047		-2.747852		-1.423618		-0.355858
 5.013456		 3.454189		 4.064232		-2.167320		 5.228550		-0.247325		 3.363525		 5.438897		-1.900175		 4.374380		 2.277336		 3.889932		 7.293684		 3.702962		-8.178570		 2.008532		 8.002045		-2.573604		-0.247014		-0.324673
 4.481541		 4.535821		 4.121928		-3.021066		 5.466603		-0.023401		 2.989406		 4.694919		-1.523645		 4.574666		 1.443453		 4.600407		 8.310843		 1.451450		-8.156027		 2.644190		 7.849574		-2.498780		 0.433522		-0.100409
 4.934124		 4.839086		 2.803100		-4.099674		 5.753581		 0.282638		 2.463324		 4.408739		-0.875163		 4.745810		 0.528977		 3.413145		 8.824319		-0.367241		-7.789917		 1.936332		 8.387037		-3.277311		 0.482301		 0.229658
 4.463122		 3.174111		 2.141321		-3.072649		 5.947621		 1.711078		 3.707571		 4.421128		-2.619458		 4.877891		 0.319759		 5.043295		 8.177087		-1.334457		-7.121039		 0.790933		 8.587387		-2.383749		 1.410974		 0.598491
 5.926371		 3.643451		 2.166696		-3.393486		 5.968364		 1.153141		 3.982071		 4.098385		-3.301882		 5.152695		 2.029214		 4.930268		 6.707665		-1.587602		-6.267269		 0.939983		 8.687164		-1.723206		 2.632527		 1.055160
 6.360235		 4.539750		 0.906207		-3.128230		 6.017729		 1.287017		 3.672461		 5.265073		-1.935744		 5.317287		 0.217885		 5.370234		 6.167613		-3.451831		-5.553135		-0.079649		 8.182657		-2.310567		 1.702394		 1.733295
 5.359386		 2.177260		 1.176238		-2.684719		 5.959265		 1.607197		 4.056240		 3.644743		-3.136779		 5.562609		 1.365684		 5.987603		 6.206918		-4.247282		-4.547425		-1.497009		 9.205958		-0.566813		 2.344344		 2.283915
 5.206888		 2.444253		-0.168850		-1.603005		 5.935893		 1.434240		 4.057557		 4.544891		-2.342841		 5.718413		 0.488673		 6.587685		 6.245351		-6.051284		-3.305320		-1.040374		 7.720100		-0.667393		 2.379698		 2.740764
 5.574931		 1.862859		-0.957783		-2.527903		 5.901334		 2.195013		 3.977224		 3.064910		-2.798994		 5.937400		 1.542474		 5.731521		 4.372281		-4.682663		-1.883216		 0.062391		 8.604250		 0.472455		 2.017842		 3.196917
 5.778954		 1.876370		-0.257838		-2.721101		 5.721461		 3.581768		 5.063918		 2.735349		-2.236113		 6.024797		 2.202570		 5.672688		 3.389345		-6.017353		-1.155483		-1.083880		 9.110139		 2.514019		 2.825382		 3.552929
 5.171664		-0.031216		-0.413550		-0.871902		 5.483260		 3.704938		 5.649284		 1.273148		-3.182908		 6.047476		 1.890289		 6.137070		 1.438015		-6.108513		-0.337525		 0.118447		 8.298103		 2.069319		 2.727333		 3.840860
 4.574366		-0.880104		-0.357366		-0.912692		 5.453429		 3.818241		 5.558453		 2.442140		-2.100037		 5.958099		 2.744138		 6.434917		 1.412224		-6.229824		-0.031324		 1.632969		 9.354072		 2.825371		 2.420733		 4.114140
 4.915382		-0.945841		 0.838653		-1.546351		 5.420311		 4.386389		 5.298164		 0.358921		-2.091298		 5.940015		 3.025279		 6.237951		-0.436879		-4.688229		 0.018026		 3.312252		 9.065105		 3.674665		 3.387424		 4.289315
 3.494185		-1.164112		 1.181072		-0.627782		 5.350312		 3.733157		 5.844145		 0.466110		-1.893899		 5.809436		 4.059343		 5.548725		-0.872160		-4.901119		-0.263307		 2.559990		 8.732955		 2.389556		 2.865234		 4.455910
 3.815210		-1.935490		 1.503229		-0.087409		 5.381578		 3.133473		 6.099702		-1.177314		-2.146333		 5.663511		 4.712985		 5.594017		-2.059716		-4.418463		-0.516236		 4.560971		 8.759970		 2.445358		 3.335449		 4.596541
 3.294752		-1.848646		 1.675656		-1.191246		 5.449354		 3.409397		 5.669963		-1.773025		-1.089394		 5.381949		 4.993592		 6.191908		-2.916034		-4.305538		-1.020234		 3.721666		 9.608013		 3.307166		 2.814439		 4.771260
 1.109521		-2.696257		 1.051833		 0.689694		 5.461574		 4.474942		 4.325106		-2.134116		-0.806654		 5.262481		 5.571717		 4.696084		-3.696444		-2.926196		-1.472746		 4.663259		 8.368433		 4.050647		 2.092050		 4.834612
 1.672954		-1.500825		 2.273667		-0.426259		 5.598706		 5.552552		 3.685878		-1.663037		-1.077162		 5.176926		 4.174389		 4.981618		-5.522824		-1.334920		-1.768771		 4.431653		 9.861739		 1.983077		 2.424840		 4.765304
 0.855170		-1.335812		 1.992024		 1.095902		 5.643404		 5.427027		 3.691879		-1.655776		-1.052297		 5.082752		 5.028636		 4.332893		-4.988293		-0.398634		-1.722036		 5.233668		10.274536		 3.418507		 2.830433		 4.822764
 0.925252		-1.472943		 1.548947		 1.915161		 5.815728		 4.543411		 3.983687		-2.839291		-1.297990		 4.976430		 4.823239		 3.191520		-5.368781		-0.861933		-1.473544		 5.305696		 9.197768		 2.496538		 2.927078		 4.734474
-1.078414		-0.380957		 2.983519		 1.978005		 6.027964		 5.346530		 3.857181		-2.973110		-0.511931		 4.800759		 5.161033		 2.590066		-5.459968		 0.616470		-1.367048		 5.203017		 9.448370		 2.475529		 3.455788		 4.702185
-1.779780		-1.367423		 1.407253		 2.563524		 6.210017		 6.492190		 2.585669		-2.570438		-0.053454		 4.779251		 4.662246		 2.584685		-5.596868		 0.216339		-0.897894		 4.321711		 9.623282		 2.434392		 2.084211		 4.486807
-0.250586		-0.957932		 2.321537		 2.643959		 6.593413		 6.541354		 1.895778		-3.868579		 1.305470		 4.846134		 6.001527		 1.713695		-4.336307		 1.897880		-0.557346		 4.350928		10.874218		 1.390177		 3.069345		 4.367086
-1.771411		 0.474865		 2.473843		 3.138641		 6.917861		 4.920623		 0.216772		-3.644048		 0.233782		 5.214174		 5.480974		 0.305529		-5.919761		 0.977147		 0.086462		 5.077714		10.976465		 1.609050		 3.126184		 4.328516
-2.334249		-0.727063		 3.068314		 3.161410		 7.113395		 5.123728		-0.580513		-2.325142		 0.590255		 5.298231		 5.993741		-1.222127		-4.085624		 1.626976		 0.554945		 4.983635		10.979730		 0.600411		 2.602120		 4.172815
-2.365553		 0.648596		 2.097430		 3.901316		 7.276129		 4.904879		-0.803020		-1.747700		 1.736899		 5.460870		 5.970668		-1.148254		-4.128623		 1.274081		 1.085362		 5.336173		10.262447		 0.109470		 2.407005		 4.084984
-1.958480		 0.024207		 2.794424		 4.253587		 7.516546		 4.258005		-0.141993		-1.849489		 0.179381		 5.823305		 6.325587		-1.018809		-2.902237		 1.220473		 1.533826		 6.336619		10.172392		-0.231752		 2.853736		 4.045189
-1.643403		 1.235330		 2.469629		 3.719451		 7.632606		 4.734025		-2.110398		-1.151405		 0.682134		 5.899204		 6.439031		-3.136815		-3.933798		-0.201737		 1.961096		 6.622866		 8.812246		-0.826260		 3.586866		 4.036068
-2.196738		 2.243175		 3.769754		 4.273924		 7.787091		 3.717521		-1.376577		-0.460657		 1.390626		 6.062707		 5.600313		-3.974347		-2.513226		 1.242246		 2.015310		 8.055045		 8.330729		-2.258753		 3.365414		 4.075422
-1.533167		 2.200833		 4.245367		 5.591843		 7.692216		 2.038762		-2.468544		-0.753946		-0.127271		 6.300822		 4.055304		-3.196186		-1.229914		 0.322090		 2.451570		 8.656901		 6.883992		-2.167606		 3.452038		 4.208896
-1.804318		 1.640548		 4.566161		 5.128686		 7.230458		 1.478203		-2.436143		-1.515674		 0.939856		 6.326845		 4.475416		-4.672232		-1.109361		 0.155876		 2.665550		 8.421074		 5.333364		-3.035815		 3.304568		 4.384790
-2.217792		 2.007425		 4.623359		 5.952153		 6.716706		 0.913013		-2.562392		 0.250697		 1.645109		 6.480459		 5.221572		-4.240749		-0.565257		-0.618632		 2.831334		 8.285041		 3.395174		-4.237618		 4.631985		 4.589489
-3.132242		 1.803130		 5.411564		 6.008454		 6.035721		 0.253575		-2.705121		-0.260689		 0.900469		 6.705123		 3.731721		-3.489869		-0.136509		-0.587021		 2.839665		 9.008133		 2.805752		-2.949381		 2.943784		 4.893033
-2.086658		 2.037814		 6.156732		 6.157221		 5.153221		-0.099714		-2.093708		 0.112293		 0.734998		 6.817306		 4.137700		-4.986873		 0.615075		 0.163080		 2.856200		 9.825714		 0.570452		-3.411285		 3.603905		 4.960243
-2.011631		 2.835274		 7.128945		 6.442521		 4.128953		 0.705629		-1.666442		 0.080781		 0.748214		 6.913786		 2.561623		-3.868496		 1.751033		 0.140110		 3.052356		 8.969880		-1.084423		-3.384483		 3.013761		 5.135137
-2.254078		 3.808621		 7.291830		 5.263654		 3.083659		 0.553694		-0.763727		 0.275820		 1.855560		 6.978402		 2.491524		-3.276494		 1.731022		 1.983340		 3.237433		 9.459826		-2.230200		-2.817376		 1.482958		 5.287216
-1.790851		 2.687428		 8.139636		 6.440493		 2.274554		 0.586783		-0.304906		 0.384116		 1.745139		 7.082808		 1.415066		-4.538559		 2.259292		 1.258646		 3.753778		 9.188527		-2.710182		-2.711484		 1.141989		 5.364248
-1.792290		 2.250252		 7.417290		 4.701939		 1.169724		-0.307211		-1.320537		 0.058767		 2.203231		 7.121330		 1.184516		-4.089317		 0.850550		 1.358984		 4.111881		 8.387295		-5.250621		-1.208178		 2.189251		 5.441704
 0.414465		 2.780797		 8.642830		 5.309042		 0.436362		 0.226176		-1.406641		 0.743749		 1.656188		 7.171064		 0.311448		-3.638955		 2.152299		 1.985395		 4.470946		 6.400613		-4.887689		-0.203480		 1.624387		 5.448249
 0.251398		 2.484835		 8.394677		 3.302539		-0.438790		 0.004208		-1.160310		 0.405309		 3.646509		 7.146733		 0.677092		-4.358500		 2.025352		 4.020326		 4.770081		 6.500472		-6.464536		-0.184836		 2.085975		 5.523479
 1.171428		 2.562594		 8.660040		 2.135563		-0.859556		 1.107702		 0.342229		 1.028983		 2.904519		 7.126007		-0.879885		-3.305764		 1.493942		 4.073812		 5.263647		 3.758307		-5.931251		 0.208091		 2.889963		 5.586742
 1.249259		 3.006374		 9.968481		 1.463704		-0.982000		 1.141624		 0.279429		 2.058660		 3.082648		 6.958055		-0.496731		-2.053351		 2.031760		 4.906341		 5.512037		 2.205067		-5.324449		 2.245182		 2.595543		 5.707918
 1.738918		 3.572879		 9.724687		 0.172014		-0.988142		 1.907265		 1.411160		 2.183432		 2.946511		 6.734532		-1.017290		-3.212358		 1.987581		 4.854152		 5.516986		 0.733327		-6.189334		 2.028619		 3.218189		 5.694244
 0.499625		 4.665290		 9.486673		-2.130726		-0.718321		 2.108786		 0.285077		 1.163471		 2.960418		 6.472827		-1.324567		-2.376751		-0.069176		 4.378961		 5.351971		-0.205934		-5.685353		 1.735209		 3.995980		 5.744193
 0.728369		 3.388331		 8.725515		-1.385067		-0.049125		 2.339748		 0.845823		 1.399818		 4.367237		 6.283602		-1.496356		-2.111982		 0.214553		 5.117048		 5.343012		-2.147285		-5.543788		-0.069829		 5.153560		 5.705908
 1.148733		 4.190572		 9.159520		-2.905929		 0.394290		 0.927724		 1.605973		 1.786606		 4.310512		 5.944833		-2.477783		-0.496713		-0.177462		 4.533989		 5.040012		-3.445600		-4.430856		-0.770221		 5.147586		 5.906416
 2.622645		 4.926242		 6.949380		-3.749643		 1.192894		 1.037567		 2.288389		 3.278352		 5.173376		 5.482420		-2.368108		 0.462804		 1.344792		 5.411511		 4.686934		-5.078137		-3.652883		-0.733399		 4.606104		 6.238173
 2.259084		 4.187799		 7.113763		-4.568039		 1.868048		 2.997007		 1.726279		 2.417553		 5.596688		 4.749636		-2.398256		 0.214543		 1.692921		 6.480723		 3.826763		-4.388230		-2.560324		-1.852758		 4.131959		 6.696525
 1.483377		 4.392552		 7.110408		-4.884942		 2.416221		 2.758934		 1.258070		 2.183477		 4.704235		 4.103788		-3.889353		 0.140412		 1.812222		 4.924373		 2.882132		-6.164832		-1.518071		-0.782660		 3.769068		 7.145608
 2.070559		 4.735160		 5.477229		-4.893184		 2.999874		 2.286723		 2.130998		 3.727716		 5.861001		 3.452407		-2.490518		-0.102263		 1.167177		 6.132737		 1.999452		-5.395869		-0.027456		-0.511873		 3.232657		 7.387904
 2.153630		 4.560926		 4.907680		-4.209725		 3.412397		 3.057896		 3.599916		 2.564821		 5.319157		 2.612500		-2.344206		 1.114136		 1.478435		 7.067158		 1.134087		-6.938492		 0.278275		-2.195975		 3.150491		 7.612555
 3.771369		 4.155362		 4.911148		-5.218534		 3.635717		 4.855565		 3.034015		 3.460793		 5.102227		 2.076762		-2.656939		 1.381647		 2.172247		 5.771067		-0.185649		-5.117734		 1.290184		-0.938445		 4.218059		 7.943545
 3.570130		 4.515428		 4.650357		-4.304928		 3.642717		 3.797905		 2.487410		 3.130342		 4.072233		 1.449297		-3.098762		 1.108187		 2.508219		 6.590235		-1.026477		-4.690253		 0.874263		-0.893159		 4.007741		 8.404751
 3.528021		 3.523849		 3.470767		-3.595157		 3.756270		 5.691894		 2.487351		 3.426804		 4.138101		 0.983029		-2.751237		 1.061198		 2.182083		 6.500827		-1.960172		-5.416150		 0.610831		 0.647516		 2.520315		 8.818293
 4.238462		 2.287266		 3.301638		-4.300391		 3.621334		 6.512081		 3.301814		 3.550563		 4.098139		 0.534403		-2.842740		 0.313595		 3.796171		 5.663615		-2.901601		-5.354197		 1.709519		 1.066884		 3.574640		 8.982369
 3.459940		 3.176585		 1.867312		-2.398047		 3.349169		 5.362910		 2.941506		 4.727925		 4.661174		 0.097142		-0.967248		 0.324162		 4.230782		 5.348849		-3.851713		-3.953805		 0.667705		 0.983973		 3.293708		 9.209891
 1.968014		 1.120789		 3.185511		-2.760553		 3.242075		 5.884469		 4.319137		 3.048174		 3.938321		-0.335757		-1.158803		 0.713200		 4.538250		 4.841184		-4.563968		-4.229026		 1.401239		 0.481234		 4.988385		 9.375798
 2.417333		 1.853692		 1.295350		-2.707453		 3.166504		 6.979860		 4.199138		 2.719323		 2.323741		-0.512976		-0.119365		 0.005611		 3.774259		 5.899870		-5.217503		-3.300069		 0.001354		 2.672389		 5.318276		 9.444360
 1.225449		 1.199648		 1.877757		-1.641808		 2.904003		 7.598403		 4.936592		 3.684993		 2.110655		-0.448078		-1.463951		 1.622902		 4.394441		 4.343065		-5.818771		-1.440411		 0.000058		 1.991083		 5.064106		 9.306915
 1.101524		 0.778354		 3.166981		-1.639332		 2.808136		 7.215334		 5.407879		 2.304591		 2.894348		-0.471798		-0.032993		 0.407561		 4.117093		 3.867885		-6.028690		-0.176184		 0.809172		 1.437176		 5.055784		 9.107841
 0.033243		 2.265901		 1.638272		-2.084704		 2.779979		 7.686959		 5.065705		 1.873118		 1.305530		-0.405319		 0.735586		 0.318816		 3.943005		 2.819011		-6.045704		-0.728555		 1.104874		 2.931980		 6.584880		 8.960382
-2.090890		 2.063914		 1.575962		-0.528987		 2.602114		 8.405841		 5.127705		 0.444258		 2.000346		-0.225143		-0.913285		 2.088800		 5.380908		 2.200268		-5.989277		 0.716576		 0.031542		 2.872040		 7.278167		 8.343070
-2.811736		 2.967074		 1.984096		-1.987194		 2.659681		 7.923163		 4.553871		 0.678884		 2.811422		-0.074458		 0.804639		 1.557576		 5.355250		 1.602022		-5.842880		 0.965742		 1.567289		 2.941183		 7.811810		 7.312355
-2.591994		 2.596059		 3.019129		-0.141160		 2.506995		 9.573547		 4.399625		 0.842107		 2.008405		 0.149077		 0.478895		 0.998117		 4.883420		 1.331788		-5.633559		 0.425619		 0.785476		 3.990272		 8.345072		 6.088823
-3.665222		 3.275574		 2.306066		-0.192603		 2.629873		 8.308851		 4.303885		-1.583050		 3.241001		 0.340380		 0.314016		 1.158311		 4.246751		 0.434955		-5.411180		 0.506422		 0.676605		 3.674764		 8.436149		 4.648837
-3.682633		 4.055435		 4.584524		-1.310484		 2.740715		 9.767681		 4.157129		-1.592585		 3.403455		 0.700940		 1.591663		 1.508261		 4.999844		 0.139408		-5.101457		 2.025791		 1.077398		 3.916390		 8.873694		 3.116906
-3.864495		 2.942314		 4.751517		-0.935470		 2.703093		 8.587250		 4.342822		-2.357065		 2.543667		 1.174539		 1.673533		 2.042229		 4.246156		-0.137709		-4.769829		 0.558872		 2.077581		 4.295754		 9.162319		 1.519908
-3.673497		 4.161480		 5.132765		-0.959590		 2.749578		 9.027568		 2.791677		-1.381662		 3.200767		 1.622327		 1.962971		 2.820536		 5.776053		-0.754510		-4.422788		-0.083384		 3.328568		 5.309502		 9.354088		-0.199115
-3.748834		 2.052825		 4.384273		-0.893559		 2.785981		10.572069		 1.779760		-1.123025		 2.612611		 2.055936		 2.016290		 2.506577		 4.077614		-1.227654		-3.951500		 1.435214		 2.846251		 5.558346		 9.224576		-2.056717
-2.804127		 2.416228		 4.526808		-1.493640		 2.798417		10.492612		 1.261342		-0.958362		 3.657919		 2.411509		 2.011459		 4.073525		 5.675180		-1.925240		-3.565206		 0.429077		 2.726893		 5.749548		 8.106021		-3.821106
-1.919200		 2.020702		 4.660569		-0.606841		 2.723877		10.618114		-0.062051		-0.893266		 4.465506		 2.820915		 1.674039		 3.070262		 5.256597		-2.558079		-2.988153		 0.627871		 4.108201		 6.606350		 7.138612		-5.109056
-1.079116		 1.250320		 4.831146		-0.600024		 2.783282		 8.861525		 0.175157		-1.473260		 3.848565		 3.215904		 1.949404		 2.918282		 3.311613		-3.623036		-2.399906		-0.509995		 3.715011		 6.713971		 4.463500		-6.105581
-1.883367		 1.267598		 6.186594		 1.114018		 2.867730		10.065547		-1.225760		-1.346131		 2.997035		 3.645477		 3.010204		 3.341184		 4.062242		-4.170789		-1.805066		-0.526764		 2.939670		 8.192797		 3.457130		-6.456946
 0.255622		 0.423299		 6.198254		 0.033832		 3.110907		 9.602127		-1.648716		-1.621484		 3.759153		 4.056326		 2.634312		 3.534581		 4.112645		-3.618357		-1.108843		 0.437195		 3.519487		 8.206228		 0.999938		-6.726586
-0.766241		 1.848197		 4.963017		 1.025996		 3.253389		 9.735435		-2.203654		-0.643932		 3.037415		 4.519120		 2.577284		 5.060404		 2.527059		-3.229877		-0.575742		 0.441400		 3.910210		 7.594449		-0.964526		-6.376257
-0.973721		 0.477861		 4.932495		 1.538798		 3.499691		 8.871147		-2.255201		 0.708675		 3.812909		 4.833940		 2.630653		 4.469195		 2.417418		-3.475838		-0.230253		 0.160473		 4.666206		 8.769986		-2.694199		-5.650763
-0.798971		 0.665942		 5.021183		 1.960450		 3.770319		 8.936361		-2.207638		 0.908903		 3.947768		 5.081028		 1.845244		 3.247168		 1.874242		-3.508275		 0.130371		 0.435270		 3.907725		 8.390997		-3.339785		-4.451844
-2.108493		 0.494635		 6.721757		 3.261467		 4.069254		 7.743793		-3.028916		 0.922830		 4.768678		 5.222249		 2.732326		 3.228233		 1.600630		-2.650464		 0.420401		 0.932512		 5.381653		 6.874754		-4.604712		-3.246505
-1.760414		 1.562607		 5.420551		 3.837464		 4.217711		 7.966623		-3.930202		 2.295335		 4.660943		 5.476464		 3.431115		 4.087687		 0.695555		-3.739424		 0.628199		 2.278229		 4.842365		 5.651195		-6.225212		-1.879510
-1.725808		 0.511239		 5.573112		 4.413517		 4.504236		 7.672144		-3.568357		 2.478362		 5.179230		 5.646734		 2.504670		 3.904865		-0.166053		-2.493084		 0.628658		 0.909768		 4.011761		 5.753672		-5.719591		-0.535960
-0.798810		 1.621280		 6.179412		 3.188665		 4.767167		 7.278678		-3.380170		 2.599860		 6.198836		 5.675759		 2.665513		 3.347318		-0.388549		-3.419108		 0.727654		 1.200360		 5.055200		 3.799718		-5.539606		 0.686144
-0.105567		 1.361166		 7.004411		 5.452190		 4.892046		 4.956361		-3.828440		 1.902246		 6.596886		 5.697844		 2.256487		 2.332940		 0.955043		-3.312115		 0.750739		 2.241477		 5.090335		 4.451363		-5.907940		 1.413391
 0.688217		 1.138134		 5.975399		 5.480221		 4.578192		 4.141873		-2.786683		 3.432932		 5.908022		 5.772096		 3.148249		 2.222792		 0.469205		-2.291656		 0.806563		 3.049231		 5.644463		 2.110758		-5.877953		 2.128474
 1.100003		 1.037620		 7.971175		 6.856341		 4.321963		 4.120402		-3.878286		 2.383045		 8.010007		 5.745025		 2.871942		 3.009514		-0.648283		-1.306758		 0.830958		 3.881936		 5.871978		 1.182894		-6.219100		 2.351399
 2.077218		 1.722647		 7.435533		 6.929715		 3.620688		 4.010708		-2.864583		 3.337521		 7.404741		 5.859328		 1.217692		 2.369004		-0.099191		-2.370895		 0.867032		 3.369507		 6.560665		 0.802169		-6.886578		 2.356083
 1.644387		 1.914792		 7.658458		 6.989418		 3.038576		 3.107355		-2.690365		 1.948463		 7.338768		 5.459205		 1.647126		 2.328415		-0.076682		-1.994007		 0.838097		 3.901990		 5.613798		-1.793133		-6.243336		 2.103271
 2.167494		 2.394051		 8.674128		 7.472203		 2.289122		 2.573885		-2.159560		 2.014085		 9.346761		 5.423751		 1.016653		 3.547336		-0.645880		-0.866276		 0.820596		 4.821076		 6.255476		-2.450697		-5.215824		 1.614114
 3.330312		 3.552131		 8.692518		 6.497864		 1.251445		 2.372334		-1.899477		 1.947999		 8.150099		 5.200842		 0.542326		 3.298990		-0.950355		-0.612887		 0.892099		 3.840227		 5.725797		-3.187353		-3.835596		 1.111284
 2.925473		 2.684230		 7.616431		 7.100875		 0.421648		 2.740822		-1.524137		 2.354997		10.149446		 4.942526		-1.617514		 3.631371		-0.364720		-1.124122		 1.005196		 4.761548		 5.511588		-4.576615		-3.250931		 0.670154
 3.544612		 3.161707		 9.283291		 5.280377		-0.237820		 2.491568		-0.781627		 1.989285		 9.078489		 3.953824		-1.918999		 3.424289		 0.194561		-0.367698		 1.046356		 4.462364		 4.124046		-3.864217		-3.799224		 0.291805
 3.747065		 4.750630		 9.089372		 4.466802		-0.847232		 2.727990		-0.664081		 1.373426		 9.109985		 3.128630		-2.236909		 2.452562		 0.183601		-0.846929		 1.184515		 5.649171		 2.416968		-4.485288		-3.280415		-0.182494
 2.886653		 5.588222		 8.704381		 3.201255		-1.223538		 2.083833		-1.045059		 1.884158		 9.267099		 2.394221		-1.336981		 4.571773		 1.037124		 0.355790		 1.248720		 5.503874		 2.080122		-4.387054		-1.870685		-0.602587
 3.866506		 6.704596		 9.030663		 2.949908		-1.398720		 2.797731		-0.940971		 1.752433		 9.922117		 1.784835		-1.963361		 3.937775		 0.673719		 1.066334		 1.453344		 5.806253		 2.321987		-5.063549		-1.084853		-0.685529
 4.582802		 6.911323		 8.222993		 0.288995		-1.478240		 3.968261		 0.588207		 1.624807		 9.936535		 1.021477		-1.033091		 3.314348		 0.676737		 0.807787		 1.747011		 6.299988		 0.673094		-5.719531		-0.353956		-0.652686
 5.031471		 9.348689		 7.788512		-0.691207		-1.208089		 2.681266		 1.284648		 1.722551		10.197048		 0.515819		-2.174907		 3.567250		 2.574149		 0.925672		 2.015069		 5.103559		 0.305430		-5.045716		 0.047402		-0.490797
 4.868529		 8.593604		 5.808394		-2.253101		-0.824661		 4.273482		-0.038156		 1.808238		 9.609377		-0.305537		-1.423645		 4.009654		 1.554141		 0.464421		 2.213378		 5.727012		-0.822211		-4.063878		-0.553285		-0.243777
 4.121143		10.207506		 5.074814		-3.933880		-0.565921		 3.265067		 0.956948		 2.919193		10.022775		-0.853550		-2.002470		 4.003088		 1.696488		-0.054996		 2.402361		 6.237404		-0.799809		-4.752870		 0.231811		-0.150628
 3.373426		 9.524068		 3.101351		-3.328710		-0.283231		 3.868564		 1.539627		 2.585713		 8.784624		-1.829961		-0.515772		 4.527937		 2.521692		-0.328986		 2.536405		 6.450899		-2.785509		-2.357347		 0.273688		 0.102911
 4.939257		 9.553831		-0.183721		-4.269019		-0.219914		 3.367340		 1.585241		 2.659437		 8.930575		-2.246061		-1.291700		 5.047272		 3.562429		-0.226293		 2.639102		 4.915407		-2.479040		-2.012184		 0.517055		 0.331305
 4.148128		 9.254138		-1.997561		-4.063513		-0.471919		 3.861646		 1.536632		 3.037039		 8.693700		-2.843174		-0.417144		 3.878648		 2.808571		 0.724886		 2.759654		 4.461239		-3.260346		-2.838868		-0.282736		 0.605840
 4.600156		10.069265		-2.098900		-2.880909		-0.857680		 4.117930		 3.067789		 3.180794		 7.790781		-3.280736		-0.593311		 5.042084		 3.858812		 0.255407		 2.911526		 5.697695		-3.941430		-1.335081		-0.032062		 0.731136
 4.678763		 8.850089		-4.772700		-2.374874		-1.052758		 4.239598		 4.222157		 4.280466		 6.995035		-3.704676		 1.038806		 4.866747		 3.612373		 0.070399		 3.042113		 4.663583		-2.843548		-1.496958		-0.798052		 0.905783
 5.210117		 8.750436		-4.715476		-0.135493		-1.213066		 4.753342		 4.085346		 4.291549		 7.146347		-3.947525		 1.417615		 5.150712		 3.303950		 0.918468		 3.161592		 4.855262		-3.663338		 0.681938		 0.467988		 0.964241
 5.048328		 8.504198		-5.621998		 1.593859		-0.853663		 3.613758		 4.271535		 4.855950		 5.512710		-4.132442		 2.004666		 5.693194		 4.440788		 0.872349		 3.307639		 4.504959		-4.840226		 0.340197		 0.521912		 1.198897
 4.623867		 7.617684		-5.655023		 2.711142		-0.104257		 4.283711		 6.220184		 6.185584		 5.243123		-4.200711		 0.832962		 6.272629		 3.568336		 0.987299		 3.416881		 2.710368		-3.484713		 1.246403		 0.341447		 1.435169
 5.976518		 5.732300		-7.223797		 3.816603		 0.897671		 3.225040		 6.546455		 6.374257		 2.842793		-4.496620		 1.105363		 5.834844		 3.813542		 1.408576		 3.500862		 3.558868		-3.532436		 1.644554		 0.666018		 1.635441
 6.590443		 4.963935		-6.309250		 3.920286		 2.162183		 4.633511		 5.887817		 4.410178		 2.203017		-4.458331		 2.119457		 6.268659		 4.039068		 0.364863		 3.590399		 3.106828		-3.597385		 1.037716		 1.014317		 1.878983
 6.221585		 4.252223		-5.186865		 3.444370		 3.422292		 3.889652		 7.113275		 4.151499		 1.319497		-4.253194		 0.891092		 7.481793		 4.742045		 1.884144		 3.686770		 2.690988		-3.162330		 1.452121		 2.041320		 2.184585
 5.671881		 1.672148		-6.145055		 4.375501		 4.333384		 4.195149		 7.458440		 3.663161		 0.777571		-4.023426		 0.250846		 7.517832		 3.998810		 0.242865		 3.688591		 1.663488		-3.041883		 2.568540		 1.552574		 2.582668
 5.921999		 0.255492		-5.049464		 3.913511		 5.489560		 4.484498		 6.097950		 3.962920		 0.136745		-3.762780		 0.439230		 7.062938		 3.847622		-0.072363		 3.781356		 2.214097		-2.638359		 2.623986		 1.894510		 2.848140
 6.783792		-0.832482		-5.738821		 2.749776		 6.398301		 6.284687		 6.954960		 2.761990		-1.936926		-3.458560		-0.027177		 7.637217		 4.679137		-0.198877		 3.886111		 2.322099		-2.356666		 2.276494		 2.610515		 3.138761
 6.229700		-1.079405		-5.518840		 1.230886		 7.111918		 6.625100		 5.910280		 2.414949		-1.346051		-3.054300		 0.166254		 7.866679		 4.179642		 0.194719		 4.001703		 0.590873		-2.527852		 3.548433		 3.477098		 3.554518
 5.087311		-2.711984		-3.988258		 0.973872		 7.351858		 6.781071		 4.379117		 1.227183		-1.866095		-2.715574		-0.571416		 6.425515		 4.344552		 0.898243		 4.087571		 0.571751		-1.654598		 2.984487		 5.202915		 3.893982
 4.545947		-3.618527		-4.441382		-0.088697		 7.514772		 8.329874		 3.396159		 0.404892		-1.069470		-2.383719		-1.123702		 7.136216		 4.925229		-0.364266		 4.095287		 1.492409		-2.814663		 3.101193		 5.239229		 4.225668
 3.847431		-3.224259		-4.119419		 0.332633		 7.340118		 7.532838		 1.153290		-0.021544		-1.715633		-2.098686		-0.762717		 6.690420		 5.940445		 0.937970		 4.226157		 0.258268		-1.176279		 2.536530		 6.318734		 4.458536
 2.721478		-3.315577		-2.606634		-1.411470		 7.324430		 8.931255		 0.012208		-0.210691		-1.392145		-1.820767		-2.018198		 6.521967		 5.158865		 0.094280		 4.193034		 1.071207		-2.372719		 2.498047		 6.744006		 4.672669
 1.727016		-2.973401		-1.001892		-0.992903		 6.885335		 8.561318		-2.269241		 0.240807		-0.445386		-1.520086		-0.760997		 5.355689		 5.800142		-0.848277		 4.277280		 0.847800		-1.436299		 2.260189		 5.716500		 4.712607
 0.968964		-3.210245		-0.568710		-2.078701		 6.682867		 9.045918		-2.182348		 1.560773		-0.298056		-1.278917		-0.729297		 5.794790		 5.798367		-0.087365		 4.462850		 1.908587		-0.694302		 3.102764		 7.148556		 4.648485
-1.316449		-4.471564		-0.923573		-2.535001		 6.246604		 7.537734		-3.468145		 0.899155		 0.251638		-1.044188		-1.746566		 5.386680		 6.377411		 0.016898		 4.553175		 0.682269		-1.097832		 1.372753		 6.513537		 4.243591
-0.802084		-2.649141		-0.195044		-2.515964		 5.775130		 7.560939		-4.419604		 3.413187		 0.565004		-0.854806		-0.917426		 6.911053		 7.243287		 0.794425		 4.625319		 1.920442		-1.220084		 1.284735		 8.229585		 3.818472
-2.450486		-2.021985		-1.193326		-1.782346		 5.382332		 7.572847		-3.851362		 4.293096		 1.151342		-0.737590		-0.398747		 5.028834		 7.107623		-0.292196		 4.611868		 0.490814		-1.451860		 2.763247		 8.201481		 3.411766
-2.805230		-1.341205		-1.012715		-1.277243		 5.070018		 6.418788		-4.048032		 4.356058		 0.733578		-0.699687		-0.157716		 5.959539		 6.225878		-0.268386		 4.727247		 0.553135		-0.336560		 1.568797		 8.098071		 2.406141
-3.432565		-2.567189		 0.422782		-1.333249		 4.917450		 7.246138		-4.005002		 5.701799		 2.455527		-0.609214		-0.654391		 5.593752		 6.519144		 0.312183		 4.839188		 1.001496		-0.540593		 2.410403		 8.972522		 1.626034
-4.071003		-2.061569		 0.784417		-1.791095		 4.794792		 6.184392		-3.727974		 6.613428		 3.608854		-0.844972		-0.958718		 5.768685		 6.599419		-0.352436		 4.864757		 1.816323		-1.192227		 1.344021		 7.228539		 0.466429
-3.355089		-0.820612		 0.092056		-0.814030		 4.659665		 5.942426		-3.557784		 7.069130		 3.507985		-1.358460		-0.749314		 6.001533		 7.478719		-0.633086		 4.975161		 0.741524		-1.398636		 1.573411		 7.887117		-0.300926
-2.132471		-0.504132		 0.618300		-0.006212		 4.639719		 6.405900		-3.654569		 6.273287		 3.543577		-1.854606		-0.569133		 6.370718		 7.731151		 0.751196		 5.146674		 1.234848		 0.389357		 2.823141		 9.064635		-1.015579
-2.301835		 0.237948		 0.462848		 0.053193		 4.735676		 6.301445		-3.390051		 5.862503		 3.640025		-2.252464		 0.426890		 6.270546		 8.166814		 1.412372		 5.095766		 1.049498		-0.803097		 2.895191		 8.524970		-1.858768
-1.965812		-0.327566		 1.015469		-1.000744		 4.835657		 5.262175		-3.215402		 6.439215		 5.047789		-2.518675		-0.086201		 5.235084		 6.676717		-0.206482		 4.919542		 0.874651		-1.062670		 2.165919		 8.749745		-2.633031
-1.067165		 0.498804		 1.099712		 0.443011		 4.825985		 4.714170		-1.437601		 5.727230		 3.742966		-3.078065		-0.295273		 7.275996		 7.475615		 0.839916		 5.009483		 2.165337		 0.877916		 3.380747		 7.486407		-3.161814
-1.095019		 0.211940		 1.080071		 0.378919		 4.950042		 5.119694		-1.957296		 6.751145		 4.013823		-3.361200		 0.522059		 5.953796		 7.537319		 0.448092		 4.984285		 1.403622		 0.434707		 2.861761		 8.324863		-3.643382
-0.321690		-0.110499		 0.573653		 0.236680		 5.071264		 3.896372		-0.733229		 6.982190		 4.518734		-3.691938		-0.352856		 6.689491		 8.278305		 0.871688		 4.987661		 0.895479		-0.646416		 2.087512		 6.952552		-4.080684
 0.632427		-0.572557		 0.487401		 1.033267		 5.168082		 4.560541		-0.073459		 7.560949		 3.828911		-4.184180		 0.090799		 6.145548		 7.867341		-0.519734		 4.913002		 1.428194		-0.012669		 2.926140		 8.180149		-4.123430
 1.106499		 1.254610		 0.680272		 1.302747		 5.345887		 5.097801		-1.594816		 7.623058		 3.779438		-4.530969		 0.552247		 7.331085		 7.161121		 0.227551		 5.066964		 1.356193		 0.363419		 2.743365		 6.261015		-4.191016
 3.422053		 1.134663		 2.332133		 1.191497		 5.552642		 3.335532		 0.623437		 7.264994		 3.869383		-4.854639		 0.130822		 7.014520		 6.959314		 0.524648		 5.117901		 2.437964		-0.478395		 3.507033		 6.719820		-4.105381
 2.673729		 2.483930		 2.382576		 2.895322		 5.642218		 4.032099		 0.634700		 7.119942		 2.366934		-5.151738		-0.177322		 7.354242		 7.955901		 0.023706		 5.133565		 3.233519		 0.266642		 3.520863		 6.369084		-3.779183
 3.189722		 1.845246		 1.049501		 2.296854		 5.805396		 4.392025		-0.422404		 5.939189		 2.848305		-5.186180		-0.261894		 7.477700		 7.010998		-1.175753		 5.210258		 1.839522		 0.706449		 3.852835		 6.115128		-3.597848
 4.515068		 3.422092		 2.901387		 3.862175		 6.041006		 3.030712		-0.564357		 6.606515		 1.344121		-5.270363		-1.348461		 6.721367		 6.999164		 0.317865		 5.425465		 2.297952		 0.548781		 4.104510		 7.258400		-3.392367
 4.485353		 2.476885		 1.429833		 3.007209		 6.066855		 3.685186		 0.657042		 7.564449		 0.295588		-5.156466		-0.640491		 6.527189		 8.067418		-0.863884		 5.447592		 4.002455		 1.136694		 3.882664		 6.024576		-3.027050
 4.268447		 4.277359		 1.559587		 4.343108		 6.271715		 1.832465		 1.594906		 6.431834		 0.621217		-4.802780		-0.762734		 6.961071		 8.641444		-0.187364		 5.587235		 3.725364		 0.269896		 4.748160		 6.768999		-2.660693
 5.150577		 3.267888		 2.464491		 3.817072		 6.314940		 1.731675		 0.752274		 7.677940		-0.917020		-4.527764		-2.405497		 6.454622		 7.224574		-0.724485		 5.668763		 3.914277		 0.199194		 5.035319		 6.255611		-2.469938
 5.530952		 4.987747		 2.680802		 3.430556		 6.262867		 2.379891		 1.583296		 7.509551		-1.518822		-3.891081		-2.370422		 4.760789		 8.634194		 0.482673		 5.776344		 4.630989		 0.806458		 4.776773		 6.624074		-2.188435
 5.593766		 5.196382		 2.689032		 3.329335		 6.274359		 1.907312		 1.822624		 7.411298		-0.728420		-3.136101		-1.719699		 5.525202		 8.235392		-0.125721		 5.754043		 3.799583		 0.081657		 4.291566		 5.262988		-1.820642
 5.100818		 5.417556		 2.624880		 3.755769		 6.249816		 0.625971		 1.809061		 6.778928		-2.873881		-2.623599		-2.172132		 3.548180		 8.507897		 0.782796		 5.802921		 4.793326		 0.074178		 5.254670		 6.333186		-1.418766
 5.745706		 5.237840		 3.167618		 4.976331		 6.096230		 1.331479		 2.215351		 7.448803		-2.480561		-1.683970		-3.405160		 3.387933		10.154387		 0.603414		 5.744050		 3.691194		 0.828151		 5.090398		 6.232361		-1.213198
 5.177505		 6.879392		 2.187849		 5.161816		 5.893675		 0.143640		 2.642751		 6.636722		-2.572919		-0.739517		-3.014533		 2.433716		10.385938		 1.552032		 5.628348		 4.366597		 0.907408		 4.180723		 5.250965		-0.895248
 4.650026		 6.374563		 3.072131		 5.705635		 5.660915		 0.927720		 2.202795		 7.267768		-1.821976		 0.102631		-1.361095		 2.946185		 9.576438		 3.540731		 5.368042		 4.298615		 0.328819		 5.084189		 5.988501		-0.557801
 5.579619		 7.374741		 3.439039		 5.185740		 5.370829		-0.265846		 2.696527		 7.009619		-3.441522		 0.683536		-2.864052		 2.695030		10.456763		 4.230651		 4.890197		 3.627396		 2.037853		 5.262560		 6.092942		-0.416255
 5.522093		 6.754888		 1.974191		 4.016002		 4.954002		 0.685878		 2.384599		 6.587956		-1.796562		 1.674212		-1.075904		 1.552529		10.994871		 5.575092		 4.161847		 2.988280		 1.014344		 4.153925		 5.536757		-0.177562
 5.881446		 7.712817		 3.223655		 5.568687		 4.901373		-0.923486		 2.840690		 5.334334		-1.204288		 2.141854		-2.035255		 2.840711		10.795007		 4.498515		 3.044787		 3.106267		 1.631101		 4.910714		 5.396344		 0.198174
 4.997798		 8.122925		 2.735665		 4.651528		 4.404162		 0.115057		 2.444164		 5.948300		-2.388929		 2.482058		-0.368864		 1.205630		11.927366		 4.733291		 2.274412		 2.685299		 1.515256		 6.336174		 5.729413		 0.506997
 5.381658		 7.354930		 2.502610		 4.109815		 4.189135		-0.045462		 1.923189		 6.431112		-1.250600		 2.949735		-0.724390		 1.120464		12.198883		 5.266456		 1.293177		 3.286356		 2.253219		 4.593659		 4.513546		 0.495775
 6.531131		 7.296148		 2.763005		 4.830749		 4.028010		-1.104510		 3.397191		 5.289856		-0.352759		 3.250295		 0.559308		 3.009320		11.783963		 5.998455		 0.293030		 3.714457		 2.442048		 6.011207		 4.977528		 0.760168
 6.350464		 8.693165		 1.894725		 5.251523		 3.684578		-0.872147		 3.208448		 6.343515		-0.974301		 3.391988		 1.681092		 2.430620		10.809379		 4.981401		-0.641108		 2.351576		 3.329992		 6.380327		 4.885938		 0.994291
 6.413708		 9.349841		 1.442081		 3.810366		 3.443135		-0.102413		 2.233075		 5.748042		-0.351479		 3.594108		 2.360990		 2.478259		12.199913		 4.368487		-1.378946		 4.014563		 4.108488		 7.027670		 3.936216		 1.152882
 6.240915		 7.606570		 1.308252		 3.768801		 3.432069		 0.308028		 2.438898		 5.150744		-0.999083		 3.710329		 2.220057		 2.620966		11.834048		 2.577965		-1.908735		 3.328217		 4.054321		 6.946658		 4.412261		 1.270230
 5.714878		 8.439027		 0.773521		 4.609809		 3.465443		-0.867983		 3.997529		 4.992070		 0.304429		 3.865211		 1.472998		 3.878336		12.535245		 1.274594		-2.073215		 4.450482		 4.832828		 5.584642		 3.441315		 1.359699
 6.818551		 7.847693		 0.657861		 4.909633		 3.399464		 0.188389		 3.301076		 6.757749		 1.383269		 3.930192		 3.509553		 3.401402		11.494396		 0.409807		-1.911880		 3.202880		 5.419201		 5.702050		 3.973963		 1.541533
 7.292961		 7.639734		 0.725179		 5.028708		 3.466935		-0.597051		 2.958414		 6.181054		 1.594904		 3.908103		 2.708478		 5.611662		10.751855		-1.755988		-1.617594		 3.469689		 7.266182		 5.704628		 2.852098		 1.800842
 8.490995		 6.940137		-0.484378		 5.118463		 3.428262		-0.166497		 4.589290		 6.065218		 2.003009		 3.861705		 5.023114		 5.502487		10.006161		-2.510262		-0.942726		 3.096898		 7.661426		 7.242828		 2.619519		 2.057647
 9.001740		 7.741241		-0.217911		 3.746828		 3.610034		 0.741421		 3.002962		 6.627893		 1.819025		 3.910601		 5.023458		 5.692920		 8.210130		-3.463747		-0.236195		 2.819518		 8.816910		 6.127619		 1.954387		 2.274995
 8.996526		 5.627089		-1.289071		 3.688494		 3.846928		 1.767916		 3.607165		 5.799103		 1.846987		 3.937246		 6.371381		 7.699866		 7.986704		-4.898441		 0.408831		 2.614893		 9.703981		 5.443950		-0.039056		 2.529156
 8.279479		 5.696338		-1.429317		 4.273204		 4.258121		 0.215225		 4.928101		 6.439691		 2.440932		 4.073963		 7.006419		 6.657157		 4.799657		-5.305026		 1.120836		 4.717701		 9.730314		 5.091355		 0.823709		 2.616522
 9.233633		 3.676288		-2.112621		 3.631129		 4.552729		 0.594566		 3.373233		 7.356435		 2.953815		 4.204799		 7.370354		 7.811129		 2.854453		-5.595774		 1.126543		 3.735064		 8.830307		 5.379040		 0.207474		 2.788621
 9.262380		 3.022623		-2.614094		 4.531350		 4.893524		 0.655594		 3.942468		 6.079432		 2.778069		 4.305629		 8.316558		 7.068899		 2.045040		-4.792964		 0.969951		 4.408728		 9.073507		 3.276914		-0.202209		 2.901723
10.504363		 1.757707		-1.953926		 4.652685		 5.337256		 0.447744		 5.299796		 6.126259		 3.193362		 4.556680		 7.421595		 6.485669		-0.969096		-5.344986		 0.715858		 6.270097		 9.852891		 1.586241		-1.372361		 2.968487
10.851900		 0.164279		-1.151129		 4.214649		 5.683999		 0.687859		 4.028488		 7.161358		 2.109092		 4.737059		 7.745872		 3.986364		-1.289931		-4.157374		-0.133894		 5.798578		10.675938		-0.205032		-0.938388		 2.760974
11.024958		 0.375966		-2.442528		 4.565019		 5.921808		 2.278960		 3.939454		 6.347741		 2.104071		 4.845185		 7.372869		 3.563484		-2.941307		-3.452174		-0.662943		 4.841287		 8.955363		-0.265586		-1.372185		 2.665478
 9.839390		-1.708864		-0.668899		 3.514317		 6.473457		 2.066182		 4.576602		 7.744881		 2.100923		 4.977662		 7.744818		 1.758957		-3.167534		-4.349681		-1.075814		 5.146731		 9.980247		-1.894663		-0.541872		 2.439760
10.071186		-2.734717		-0.911330		 3.622328		 6.735813		 2.258929		 3.932334		 7.308456		 2.275946		 5.044252		 8.832039		-0.898696		-3.147169		-2.468720		-1.683609		 5.519776		 9.776613		-2.494694		 0.913016		 2.504749
 9.495830		-2.159358		-1.202560		 4.487877		 7.022024		 3.223293		 4.140565		 7.641615		 2.723330		 5.188018		 6.401581		-1.920391		-3.201786		-2.563549		-1.915459		 4.401723		 8.726838		-2.798227		 1.741509		 3.027672
 9.587012		-4.163682		 1.270911		 3.226170		 7.498380		 3.524878		 5.685333		 8.223519		 3.283492		 5.143205		 6.638483		-1.930893		-2.331482		-2.656035		-2.097932		 3.184768		 8.573482		-3.492636		 1.607603		 3.751988
 7.283632		-4.067225		 0.054496		 4.844201		 7.689912		 2.554430		 4.292527		 7.089906		 3.743934		 5.056138		 5.303377		-3.794339		-1.344931		-3.147157		-2.160275		 2.218238		 9.264723		-3.448973		 3.463233		 4.443771
 7.514867		-3.806405		 1.571814		 4.639325		 7.971686		 4.342228		 4.747856		 8.355653		 4.871959		 4.902740		 3.742149		-4.471477		-0.736754		-1.290353		-2.124074		 2.512231		 8.250250		-3.939695		 2.264685		 5.433364
 5.108190		-4.661101		 1.177204		 5.605167		 8.285506		 4.423495		 4.979791		 6.971729		 3.422062		 4.351842		 3.805381		-3.756373		 0.078111		-1.593954		-1.959075		 1.441650		 8.728714		-2.896933		 3.354821		 6.149426
 3.718644		-6.162839		 1.608628		 6.480422		 8.731670		 3.247537		 4.211877		 6.978458		 4.262334		 4.145648		 3.005004		-3.451082		 1.307156		-1.876032		-1.750042		 0.836294		 9.094654		-2.366465		 3.180240		 6.794047
 2.338697		-6.337254		 0.772556		 7.120838		 8.978546		 3.200834		 4.715088		 7.178607		 4.404074		 3.772576		 1.410548		-3.465607		 1.440913		-0.904179		-1.477166		 1.480391		 8.266726		-2.843403		 4.035459		 7.216875
 1.231492		-5.105615		 1.335458		 7.448988		 9.403702		 2.271257		 4.021252		 8.011967		 3.240273		 3.215341		 0.957531		-3.456097		 1.642895		-1.429278		-1.244559		 1.899089		 8.939049		-0.301376		 3.867051		 7.625165
-1.928555		-5.557057		-0.048598		 7.093503		 9.541025		 2.900270		 5.482930		 8.770540		 3.599513		 2.753673		 0.387708		-4.239077		 1.707292		-1.164272		-1.021944		 0.399890		 8.227311		 0.068394		 3.243322		 7.670867
-2.247482		-4.303140		-1.777285		 7.250120		10.077900		 2.370911		 3.738256		 7.867789		 3.144090		 2.174564		 1.050142		-2.535715		 3.600297		 0.112076		-0.768814		 1.496717		 8.077312		-0.262235		 4.764850		 7.422873
-3.457621		-3.721740		-1.612897		 7.604034		10.729735		 1.989790		 3.915260		 9.373130		 2.605311		 1.794978		 0.129758		-3.191731		 2.482626		 0.666668		-0.572691		 0.524210		 8.468272		 2.405262		 4.210388		 7.065158
-4.974916		-1.405535		-2.319379		 7.088416		11.296112		 0.130637		 3.801748		 9.655705		 2.008123		 1.392410		 0.607219		-3.230901		 3.092009		-0.368649		-0.406384		 1.706769		 9.860391		 2.608826		 4.252358		 6.376201
-6.609875		-1.004769		-2.553425		 5.635533		11.566030		 0.156214		 5.655283		 9.588419		 2.865123		 1.151658		 1.444187		-1.748236		 3.412828		 1.813217		-0.198252		-0.027877		 9.750985		 2.914353		 4.356544		 5.570629
-6.224961		 1.100101		-1.777285		 4.369401		11.836689		 0.032077		 3.848778		 8.441697		 1.650581		 0.833597		 0.383590		-3.062935		 2.752087		 1.501363		-0.164770		 0.448079		 9.080878		 4.583614		 4.646257		 4.562116
-6.474047		 2.255377		-2.051751		 4.697707		11.897444		 1.021616		 3.949566		 8.462492		 0.125507		 0.726518		 1.597382		-2.823114		 2.659981		 2.387692		-0.060921		 0.608115		 8.406389		 5.020566		 3.367887		 3.421950
-6.333384		 2.941563		 0.396223		 5.130621		12.086841		 0.549283		 5.343280		 9.654446		 0.895968		 0.919466		 0.961570		-1.734746		 3.758186		 2.439483		 0.007588		 2.266201		 8.276670		 5.630306		 2.454507		 2.645417
-5.979469		 3.055559		 1.072686		 4.900941		11.946429		 1.023223		 5.130396		 8.115486		-1.626630		 0.993126		 2.002742		-2.114270		 3.559181		 2.856439		 0.108199		 0.821499		 8.618872		 5.408483		 1.888708		 2.159879
-5.760450		 3.446271		 2.450487		 5.816263		11.785760		 1.535150		 4.877682		 8.313258		-0.692273		 1.435967		 0.756243		-1.851000		 3.622136		 3.023624		 0.099409		 2.581899		 8.970603		 5.604066		 2.445525		 1.877594
-4.420591		 4.039123		 2.785557		 4.669886		11.447655		 1.517151		 5.030138		 8.349897		-0.669652		 1.760495		 2.230519		-0.911308		 4.724773		 2.872206		 0.214020		 2.289239		 9.064169		 6.715117		 0.994454		 1.472861
-2.792775		 4.420400		 3.850759		 5.324965		11.147714		 1.227863		 5.094172		 7.585209		-2.721573		 2.038527		 2.590247		-0.202722		 4.384480		 3.380987		 0.225382		 1.823993		 9.468833		 5.346315		 0.763171		 1.509203
