-0.859349		 1.148518		 5.227610		 3.042511		-4.263912		-0.980318		-0.085234		 4.439056		 4.050670		-3.535872		-1.969100		-0.590608		 7.178549		 8.780705		 1.890839		 2.006520		 5.555532		 4.777684		-2.207668		 1.093059
-0.519925		 1.253552		 5.401756		 2.443985		-4.365815		-0.453988		-0.035511		 4.523166		 3.751110		-3.836432		-1.297301		-0.809348		 7.015815		 9.137052		 0.920345		 2.044502		 5.775518		 4.253144		-2.434826		 1.567075
-0.135948		 1.393948		 5.550095		 1.815490		-4.356707		-0.014796		 0.117412		 4.616107		 3.411683		-4.029783		-0.632818		-0.845590		 6.831893		 9.334639		-0.003091		 2.158296		 6.016733		 3.679105		-2.575738		 1.996553
 0.290165		 1.567348		 5.666147		 1.170393		-4.248471		 0.321871		 0.352389		 4.720859		 3.031785		-4.125686		-0.010637		-0.707480		 6.675944		 9.365742		-0.842766		 2.340695		 6.280689		 3.052372		-2.640077		 2.361454
 0.752210		 1.771151		 5.740890		 0.522503		-4.051801		 0.551907		 0.643776		 4.834699		 2.612108		-4.136644		 0.538382		-0.416059		 6.584576		 9.230347		-1.579039		 2.571115		 6.565795		 2.370427		-2.635238		 2.648135
 1.241027		 2.002735		 5.763352		-0.113763		-3.775710		 0.682250		 0.965573		 4.951601		 2.155399		-4.075731		 0.991045		 0.000180		 6.578673		 8.930223		-2.209166		 2.820358		 6.865567		 1.634540		-2.564314		 2.849574
 1.745345		 2.259315		 5.721432		-0.723386		-3.428320		 0.729422		 1.294879		 5.064228		 1.666877		-3.954762		 1.333578		 0.509702		 6.663561		 8.464793		-2.742950		 3.055420		 7.168494		 0.852999		-2.425144		 2.965988
 2.252747		 2.537300		 5.602940		-1.291083		-3.018537		 0.717123		 1.614415		 5.165183		 1.154240		-3.783001		 1.561890		 1.080820		 6.830909		 7.829806		-3.196144		 3.242861		 7.459835		 0.043917		-2.210965		 3.005973
 2.750943		 2.831150		 5.396874		-1.801978		-2.558011		 0.673154		 1.913866		 5.247533		 0.627303		-3.566580		 1.680915		 1.683350		 7.060959		 7.018847		-3.583268		 3.350408		 7.724724		-0.763072		-1.913007		 2.987833
 3.229378		 3.131849		 5.094966		-2.242503		-2.062614		 0.625919		 2.189916		 5.304828		 0.097383		-3.308664		 1.703483		 2.289668		 7.324534		 6.027277		-3.911016		 3.347572		 7.951427		-1.526926		-1.524882		 2.940145
 3.680813		 3.425315		 4.693463		-2.601292		-1.552811		 0.600946		 2.445044		 5.330870		-0.423440		-3.010308		 1.648967		 2.875762		 7.585011		 4.858042		-4.173068		 3.206791		 8.133592		-2.197575		-1.047936		 2.900219
 4.102166		 3.691265		 4.195036		-2.869890		-1.052505		 0.617925		 2.685444		 5.319477		-0.923065		-2.671858		 1.541739		 3.422566		 7.800887		 3.528404		-4.347205		 2.906813		 8.270723		-2.720619		-0.495935		 2.909352
 4.493831		 3.903161		 3.610588		-3.043220		-0.586434		 0.688763		 2.918653		 5.264383		-1.390042		-2.294637		 1.409333		 3.917437		 7.929450		 2.075885		-4.395979		 2.439654		 8.366811		-3.044025		 0.102974		 3.004978
 4.857297		 4.029777		 2.960591		-3.119975		-0.176581		 0.816996		 3.151493		 5.159340		-1.814161		-1.882580		 1.280270		 4.355240		 7.931512		 0.560991		-4.272511		 1.820772		 8.427928		-3.126147		 0.708750		 3.211565
 5.191752		 4.038699		 2.275493		-3.103205		 0.161520		 0.998628		 3.388694		 4.998452		-2.186989		-1.443441		 1.181652		 4.738346		 7.776375		-0.935937		-3.932596		 1.099215		 8.460263		-2.944158		 1.276689		 3.533556
 5.491026		 3.901663		 1.594632		-3.001127		 0.421573		 1.224193		 3.632271		 4.776684		-2.502297		-0.989256		 1.136795		 5.075019		 7.445675		-2.325164		-3.352184		 0.361281		 8.469763		-2.501392		 1.767504		 3.953588
 5.742080		 3.600980		 0.963129		-2.827785		 0.607450		 1.481540		 3.881440		 4.490429		-2.756315		-0.535904		 1.163244		 5.376271		 6.934864		-3.523828		-2.545336		-0.279208		 8.463055		-1.831239		 2.156516		 4.437269
 5.925635		 3.135561		 0.426647		-2.602607		 0.731771		 1.758660		 4.132787		 4.138029		-2.947690		-0.101815		 1.271417		 5.651860		 6.251976		-4.473008		-1.573972		-0.705723		 8.447724		-0.995153		 2.438078		 4.942673
 6.018843		 2.524558		 0.024698		-2.348022		 0.812453		 2.045829		 4.380521		 3.720145		-3.077043		 0.293921		 1.463966		 5.906536		 5.414400		-5.148630		-0.541762		-0.831183		 8.430683		-0.074090		 2.623561		 5.430487
 5.999495		 1.806923		-0.216054		-2.085096		 0.868452		 2.336641		 4.616740		 3.239985		-3.146175		 0.633698		 1.735793		 6.137552		 4.445185		-5.561201		 0.427925		-0.623334		 8.416116		 0.844610		 2.734664		 5.870969
 5.850788		 1.036301		-0.286699		-1.828544		 0.916227		 2.627921		 4.831779		 2.703418		-3.157083		 0.903446		 2.074663		 6.334071		 3.370440		-5.744744		 1.220871		-0.112231		 8.405958		 1.681219		 2.795733		 6.246261
 5.565389		 0.272330		-0.197821		-1.583362		 0.967970		 2.918896		 5.014644		 2.119060		-3.111064		 1.094374		 2.462432		 6.478551		 2.218754		-5.740445		 1.755686		 0.621284		 8.403539		 2.375052		 2.827988		 6.549025
 5.147596		-0.429257		 0.022533		-1.344792		 1.031586		 3.210090		 5.153528		 1.498348		-3.008218		 1.204271		 2.876982		 6.549788		 1.022471		-5.582250		 1.995731		 1.468538		 8.417515		 2.890968		 2.846407		 6.779355
 4.613151		-1.024861		 0.334184		-1.101699		 1.111646		 3.502281		 5.236397		 0.855551		-2.847598		 1.238267		 3.294889		 6.526983		-0.180456		-5.289545		 1.950159		 2.317899		 8.462529		 3.219926		 2.858823		 6.941630
 3.987022		-1.487508		 0.692169		-0.841670		 1.210505		 3.795659		 5.251630		 0.207592		-2.628132		 1.208927		 3.694610		 6.393990		-1.345940		-4.868486		 1.668196		 3.075202		 8.555361		 3.374391		 2.866718		 7.042225
 3.299961		-1.807096		 1.054280		-0.555566		 1.329240		 4.089210		 5.188763		-0.426470		-2.350230		 1.135489		 4.059599		 6.142677		-2.426244		-4.320305		 1.229383		 3.677321		 8.708175		 3.380934		 2.867366		 7.088273
 2.584709		-1.987359		 1.387058		-0.239925		 1.468411		 4.380307		 5.039299		-1.026417		-2.017743		 1.042126		 4.380519		 5.774447		-3.375793		-3.652616		 0.730086		 4.098419		 8.922231		 3.272573		 2.856765		 7.087224
 1.872533		-2.041283		 1.669138		 0.103057		 1.628723		 4.664501		 4.797535		-1.572282		-1.639712		 0.955246		 4.655764		 5.299391		-4.158652		-2.888616		 0.266712		 4.348784		 9.185407		 3.082404		 2.832384		 7.046748
 1.190558		-1.986595		 1.891779		 0.467231		 1.811446		 4.935451		 4.461283		-2.045988		-1.231246		 0.900148		 4.889978		 4.733433		-4.754701		-2.069918		-0.081339		 4.466766		 9.474855		 2.838804		 2.794830		 6.974662
 0.560115		-1.842350		 2.057191		 0.844801		 2.018450		 5.184908		 4.032380		-2.432834		-0.812998		 0.897589		 5.090998		 4.094639		-5.161787		-1.251756		-0.264003		 4.506043		 9.763067		 2.562108		 2.748127		 6.878759
-0.003905		-1.626876		 2.175632		 1.228374		 2.251776		 5.402673		 3.516965		-2.722447		-0.409099		 0.960934		 5.266250		 3.400113		-5.393087		-0.493032		-0.264441		 4.522305		10.023847		 2.262970		 2.699051		 6.766595
-0.492925		-1.356864		 2.262203		 1.612298		 2.512826		 5.576536		 2.925575		-2.908978		-0.043868		 1.094492		 5.419797		 2.664466		-5.471067		 0.154321		-0.094712		 4.563350		10.235397		 1.942710		 2.656223		 6.645298
-0.904090		-1.047146		 2.333960		 1.993260		 2.801357		 5.692305		 2.273165		-2.990673		 0.262013		 1.293377		 5.550901		 1.900056		-5.420547		 0.653049		 0.213302		 4.664409		10.380057		 1.595514		 2.629399		 6.521441
-1.239453		-0.710782		 2.407684		 2.370281		 3.114435		 5.734127		 1.579104		-2.969235		 0.495026		 1.544975		 5.654308		 1.118483		-5.263099		 0.984115		 0.617604		 4.847800		10.442002		 1.211829		 2.628899		 6.400999
-1.505081		-0.359153		 2.498413		 2.744340		 3.445481		 5.685330		 0.867056		-2.849530		 0.651291		 1.831758		 5.721856		 0.332503		-5.013991		 1.146860		 1.073898		 5.124575		10.404587		 0.782140		 2.664811		 6.289445
-1.710105		-0.002007		 2.618681		 3.117787		 3.783485		 5.529966		 0.164498		-2.639998		 0.737433		 2.134895		 5.744640		-0.442533		-4.681877		 1.157245		 1.540945		 5.496098		10.248609		 0.300540		 2.745560		 6.192032
-1.865651		 0.352574		 2.778351		 3.493639		 4.112433		 5.255123		-0.498438		-2.353682		 0.769517		 2.437858		 5.714942		-1.188340		-4.270774		 1.045131		 1.984092		 5.954641		 9.952114		-0.232247		 2.875627		 6.114231
-1.983583		 0.698183		 2.984857		 3.874742		 4.411032		 4.853842		-1.091010		-2.009223		 0.770093		 2.729097		 5.627407		-1.884722		-3.783514		 0.850823		 2.377810		 6.483319		 9.492040		-0.806711		 3.052532		 6.062102
-2.074983		 1.030004		 3.243653		 4.262750		 4.652872		 4.328263		-1.584750		-1.630820		 0.763831		 3.003094		 5.479327		-2.511695		-3.225633		 0.620671		 2.707641		 7.056381		 8.847548		-1.403699		 3.263704		 6.042226
-2.148399		 1.344562		 3.558637		 4.656824		 4.807246		 3.692435		-1.956794		-1.246260		 0.772774		 3.259621		 5.270291		-3.052113		-2.608588		 0.401736		 2.971325		 7.640853		 8.004443		-1.995197		 3.484381		 6.060782
-2.207968		 1.639310		 3.932317		 5.052012		 4.840928		 2.974058		-2.193094		-0.882875		 0.812494		 3.501720		 5.001585		-3.493999		-1.951297		 0.236132		 3.178490		 8.199727		 6.959569		-2.546625		 3.678005		 6.121689
-2.251665		 1.912094		 4.365519		 5.437368		 4.721272		 2.214505		-2.290988		-0.562391		 0.890308		 3.733336		 4.675706		-3.831957		-1.279518		 0.156231		 3.348461		 8.695825		 5.724025		-3.019743		 3.800317		 6.224260
-2.270145		 2.160668		 4.856528		 5.794066		 4.420906		 1.466532		-2.260660		-0.296495		 1.005931		 3.957414		 4.296111		-4.067334		-0.623251		 0.181846		 3.506372		 9.094835		 4.324606		-3.374971		 3.807454		 6.361410
-2.246897		 2.382496		 5.399699		 6.094080		 3.923961		 0.789390		-2.124868		-0.085039		 1.154052		 4.174885		 3.867143		-4.207162		-0.013022		 0.319911		 3.678468		 9.366368		 2.803721		-3.572652		 3.667179		 6.519535
-2.160560		 2.575155		 5.983888		 6.300327		 3.233073		 0.241455		-1.916093		 0.082195		 1.327588		 4.384405		 3.393999		-4.262232		 0.523836		 0.566232		 3.887691		 9.483056		 1.218349		-3.574621		 3.371284		 6.680692
-1.989934		 2.737525		 6.591368		 6.369324		 2.375397		-0.128937		-1.670397		 0.220860		 1.520313		 4.582544		 2.882651		-4.244773		 0.966022		 0.908305		 4.150245		 9.418927		-0.362114		-3.348998		 2.946074		 6.826856
-1.721074		 2.871540		 7.198062		 6.257035		 1.404940		-0.293064		-1.418701		 0.346717		 1.728166		 4.764145		 2.339754		-4.166259		 1.299853		 1.328136		 4.473260		 9.148804		-1.860477		-2.880675		 2.456548		 6.944986
-1.354301		 2.983623		 7.775560		 5.927404		 0.398596		-0.249718		-1.178372		 0.471892		 1.949263		 4.922687		 1.772625		-4.035730		 1.519742		 1.804409		 4.853293		 8.650027		-3.200475		-2.186304		 1.999236		 7.030592
-0.907977		 3.084596		 8.294503		 5.361543		-0.554861		-0.028739		-0.949404		 0.603780		 2.183130		 5.050634		 1.189363		-3.858895		 1.627986		 2.313934		 5.275541		 7.906633		-4.319136		-1.326972		 1.681181		 7.087328
-0.416806		 3.187402		 8.728023		 4.564522		-1.370204		 0.312481		-0.718040		 0.745843		 2.429668		 5.139746		 0.599101		-3.638099		 1.634259		 2.832748		 5.714004		 6.914891		-5.178565		-0.408748		 1.589233		 7.122195
 0.075300		 3.303401		 9.054033		 3.567378		-1.980158		 0.700548		-0.466494		 0.898982		 2.688186		 5.181441		 0.012298		-3.373137		 1.554991		 3.337454		 6.133103		 5.688327		-5.770516		 0.434437		 1.761079		 7.139998
 0.525582		 3.439054		 9.256093		 2.423847		-2.343703		 1.063477		-0.183521		 1.062818		 2.956720		 5.167246		-0.559110		-3.062790		 1.412520		 3.807198		 6.491141		 4.260753		-6.109645		 1.071067		 2.170849		 7.142662
 0.902865		 3.594460		 9.323582		 1.203202		-2.446919		 1.348581		 0.129841		 1.236973		 3.231789		 5.089397		-1.101872		-2.706846		 1.233771		 4.226198		 6.745430		 2.686730		-6.218118		 1.403681		 2.735477		 7.135217
 1.194744		 3.763899		 9.251893		-0.018778		-2.299117		 1.534671		 0.461627		 1.422228		 3.508592		 4.941510		-1.602059		-2.308203		 1.048208		 4.586136		 6.858210		 1.039473		-6.110232		 1.391463		 3.338524		 7.133390
 1.409069		 3.937592		 9.042779		-1.169108		-1.928306		 1.634698		 0.795292		 1.620906		 3.781399		 4.719194		-2.046143		-1.874537		 0.885093		 4.887359		 6.801994		-0.594118		-5.786327		 1.059726		 3.862247		 7.164861
 1.569708		 4.103752		 8.704445		-2.186091		-1.378017		 1.688604		 1.116660		 1.835987		 4.043767		 4.420543		-2.422291		-1.419011		 0.770409		 5.138033		 6.562982		-2.122051		-5.240367		 0.495740		 4.217863		 7.260532
 1.709067		 4.250217		 8.250966		-3.026004		-0.704633		 1.749511		 1.417848		 2.069359		 4.288392		 4.046543		-2.721514		-0.959695		 0.724043		 5.351147		 6.141714		-3.459475		-4.477894		-0.169642		 4.365731		 7.440282
 1.860081		 4.365059		 7.700903		-3.666747		 0.026955		 1.868159		 1.697182		 2.320105		 4.506757		 3.601482		-2.938325		-0.517698		 0.757819		 5.540181		 5.551092		-4.542243		-3.534268		-0.793123		 4.319896		 7.702900
 2.048822		 4.436017		 7.075603		-4.107484		 0.750322		 2.080494		 1.956699		 2.583546		 4.688925		 3.093392		-3.070783		-0.114375		 0.874704		 5.714843		 4.812766		-5.337175		-2.481435		-1.254565		 4.135891		 8.027222
 2.288202		 4.449366		 6.398028		-4.364430		 1.405928		 2.401469		 2.199739		 2.851234		 4.823852		 2.534453		-3.120051		 0.231799		 1.069224		 5.878174		 3.953299		-5.844431		-1.417733		-1.483420		 3.887484		 8.382775
 2.573953		 4.389593		 5.692715		-4.464331		 1.948510		 2.825475		 2.430171		 3.111701		 4.900305		 1.941129		-3.089763		 0.508028		 1.328914		 6.025707		 3.001315		-6.090799		-0.445753		-1.466106		 3.643338		 8.741775
 2.884108		 4.241100		 4.986615		-4.437815		 2.351418		 3.331579		 2.653034		 3.351644		 4.908271		 1.333817		-2.985538		 0.709141		 1.636558		 6.146598		 1.986136		-6.117078		 0.350431		-1.235296		 3.453253		 9.085713
 3.181880		 3.992214		 4.309713		-4.314411		 2.607261		 3.890831		 2.875300		 3.557108		 4.840521		 0.735793		-2.814823		 0.838302		 1.972931		 6.226097		 0.937731		-5.965054		 0.919623		-0.850324		 3.346328		 9.405521
 3.420666		 3.640649		 3.694067		-4.119846		 2.725458		 4.473201		 3.105549		 3.714287		 4.694046		 0.171464		-2.587018		 0.906343		 2.319636		 6.248497		-0.112763		-5.668626		 1.247315		-0.378141		 3.336485		 9.698145
 3.550013		 3.198772		 3.170416		-3.875207		 2.727796		 5.052601		 3.352214		 3.809784		 4.471171		-0.335869		-2.313633		 0.929835		 2.661538		 6.199835		-1.132846		-5.250980		 1.351901		 0.120362		 3.429110		 9.962326
 3.522122		 2.696741		 2.762666		-3.597040		 2.643134		 5.609515		 3.620878		 3.830539		 4.180328		-0.766375		-2.008112		 0.928287		 2.988282		 6.069830		-2.089544		-4.727166		 1.277127		 0.598145		 3.625040		10.194800
 3.298794		 2.181823		 2.481926		-3.297773		 2.502230		 6.131483		 3.911551		 3.763922		 3.836453		-1.105744		-1.685041		 0.921087		 3.294592		 5.852893		-2.951619		-4.109927		 1.083100		 1.025232		 3.921461		10.387068
 2.858423		 1.713172		 2.322827		-2.986452		 2.333511		 6.612172		 4.216757		 3.598544		 3.460913		-1.346600		-1.358725		 0.924887		 3.579412		 5.548239		-3.692733		-3.416047		 0.836667		 1.388677		 4.311190		10.522750
 2.202058		 1.352768		 2.264696		-2.670072		 2.160331		 7.049828		 4.520976		 3.326072		 3.080690		-1.488968		-1.041433		 0.951969		 3.844296		 5.159345		-4.294634		-2.670684		 0.601743		 1.690229		 4.782055		10.576007
 1.356999		 1.154306		 2.278508		-2.355397		 1.999819		 7.445721		 4.801598		 2.943911		 2.726487		-1.539655		-0.741871		 1.009790		 4.091592		 4.693012		-4.749249		-1.908092		 0.430748		 1.942427		 5.317266		10.511829
 0.376228		 1.152139		 2.337731		-2.050420		 1.863079		 7.802870		 5.031268		 2.458073		 2.429591		-1.510456		-0.464413		 1.101565		 4.322920		 4.158314		-5.058870		-1.168614		 0.358731		 2.164137		 5.896614		10.288942
-0.667521		 1.352100		 2.428587		-1.764602		 1.756185		 8.125091		 5.181225		 1.885200		 2.217650		-1.415353		-0.209377		 1.227411		 4.538170		 3.565650		-5.234292		-0.493253		 0.401269		 2.376615		 6.497716		 9.865279
-1.692763		 1.725903		 2.554526		-1.507849		 1.681388		 8.416272		 5.225118		 1.252715		 2.110071		-1.267235		 0.025824		 1.385582		 4.735037		 2.926056		-5.291445		 0.082137		 0.556099		 2.600852		 7.096543		 9.204981
-2.622665		 2.211234		 2.731943		-1.289067		 1.638067		 8.679817		 5.142635		 0.596525		 2.114084		-1.075057		 0.245106		 1.573385		 4.908967		 2.250876		-5.247530		 0.531347		 0.807309		 2.856225		 7.666885		 8.285110
-3.396134		 2.719378		 2.978642		-1.114896		 1.623328		 8.918189		 4.922344		-0.043426		 2.222649		-0.842456		 0.452259		 1.787598		 5.053391		 1.551824		-5.117688		 0.840221		 1.130476		 3.159812		 8.178809		 7.100468
-3.972065		 3.150443		 3.300630		-0.988092		 1.632540		 9.132608		 4.563277		-0.628632		 2.415020		-0.568475		 0.649982		 2.024454		 5.160150		 0.841357		-4.912933		 1.007176		 1.497425		 3.525488		 8.596509		 5.666168
-4.325590		 3.413470		 3.683901		-0.904695		 1.660247		 9.322919		 4.075024		-1.126913		 2.660124		-0.250160		 0.839569		 2.279338		 5.220139		 0.133191		-4.639684		 1.042471		 1.879935		 3.962157		 8.876350		 4.019106
-4.440387		 3.447251		 4.095248		-0.850714		 1.701596		 9.487640		 3.476394		-1.515399		 2.922115		 0.114046		 1.021227		 2.546491		 5.224159		-0.557301		-4.300857		 0.966796		 2.252395		 4.471074		 8.966496		 2.219820
-4.304819		 3.237661		 4.491909		-0.801197		 1.753879		 9.624131		 2.793011		-1.781058		 3.166780		 0.521485		 1.194916		 2.818918		 5.163978		-1.213150		-3.898165		 0.809340		 2.593774		 5.042870		 8.810121		 0.354404
-3.918839		 2.826765		 4.835960		-0.724666		 1.817475		 9.728773		 2.054416		-1.919230		 3.367365		 0.964129		 1.361392		 3.088629		 5.033472		-1.816525		-3.435025		 0.605188		 2.889302		 5.655532		 8.353857		-1.467124
-3.311572		 2.307272		 5.107013		-0.592583		 1.895783		 9.797150		 1.291275		-1.931263		 3.508642		 1.429329		 1.522998		 3.347124		 4.829629		-2.350197		-2.919268		 0.391853		 3.131953		 6.274806		 7.561224		-3.121272
-2.558614		 1.797285		 5.306682		-0.389148		 1.994200		 9.824222		 0.533110		-1.822460		 3.588721		 1.901979		 1.683783		 3.585923		 4.553195		-2.799440		-2.364772		 0.205093		 3.323343		 6.857871		 6.427222		-4.491712
-1.781726		 1.400050		 5.452457		-0.115341		 2.118435		 9.804517		-0.193344		-1.601078		 3.618617		 2.367227		 1.848711		 3.796891		 4.208838		-3.153867		-1.791408		 0.074722		 3.473432		 7.359619		 4.987631		-5.492604
-1.121435		 1.166584		 5.566127		 0.215106		 2.272625		 9.732290		-0.865240		-1.278500		 3.619944		 2.812812		 2.022081		 3.972281		 3.804876		-3.408612		-1.223179		 0.021395		 3.598576		 7.739370		 3.317949		-6.081311
-0.692300		 1.081950		 5.665672		 0.584811		 2.457915		 9.601695		-1.464391		-0.870125		 3.621221		 3.230433		 2.205605		 4.104622		 3.352772		-3.564533		-0.685050		 0.055198		 3.718163		 7.965530		 1.522455		-6.253481
-0.543642		 1.082477		 5.764154		 0.981633		 2.671980		 9.406987		-1.977915		-0.396213		 3.653352		 3.615929		 2.396630		 4.186707		 2.866606		-3.627477		-0.199409		 0.176226		 3.850675		 8.017091		-0.281369		-6.027797
-0.644401		 1.092736		 5.871122		 1.403310		 2.909259		 9.142680		-2.398799		 0.118052		 3.744942		 3.968406		 2.587020		 4.212013		 2.362612		-3.606958		 0.216940		 0.376681		 4.010229		 7.882777		-1.978018		-5.435525
-0.896785		 1.061749		 5.991704		 1.856466		 3.161235		 8.803641		-2.726120		 0.643685		 3.918162		 4.288723		 2.762945		 4.175711		 1.858722		-3.514731		 0.554592		 0.643640		 4.204271		 7.559555		-3.467311		-4.523406
-1.171042		 0.981114		 6.124773		 2.351198		 3.416240		 8.385250		-2.964553		 1.150089		 4.185815		 4.577821		 2.905708		 4.076235		 1.373872		-3.363604		 0.811995		 0.961772		 4.432585		 7.051766		-4.676340		-3.364567
-1.346422		 0.879232		 6.264462		 2.894131		 3.658761		 7.884036		-3.122942		 1.607795		 4.549959		 4.835300		 2.993566		 3.917107		 0.926863		-3.166589		 0.994675		 1.315532		 4.687457		 6.370925		-5.568685		-2.063844
-1.342218		 0.799288		 6.405229		 3.483129		 3.868557		 7.299205		-3.212059		 1.991102		 5.002086		 5.058494		 3.004418		 3.708446		 0.534711		-2.936283		 1.113558		 1.690697		 4.954656		 5.535496		-6.147141		-0.748022
-1.129332		 0.776525		 6.546227		 4.105531		 4.020200		 6.635222		-3.242104		 2.280235		 5.524502		 5.242111		 2.919121		 3.467534		 0.210716		-2.684297		 1.182825		 2.075282		 5.214982		 4.570008		-6.447234		 0.456370
-0.723875		 0.827344		 6.691727		 4.739449		 4.083797		 5.905096		-3.220677		 2.462957		 6.092537		 5.378466		 2.725032		 3.217863		-0.037199		-2.420660		 1.217727		 2.459938		 5.446101		 3.503558		-6.523062		 1.446309
-0.171514		 0.952321		 6.848482		 5.356033		 4.027664		 5.133501		-3.152013		 2.535829		 6.677342		 5.458287		 2.419171		 2.986500		-0.207240		-2.153299		 1.232771		 2.837929		 5.624464		 2.368356		-6.430878		 2.156432
 0.468834		 1.146532		 7.022887		 5.920880		 3.823343		 4.358403		-3.037843		 2.505114		 7.249190		 5.472027		 2.010199		 2.800124		-0.303115		-1.887801		 1.240522		 3.204799		 5.727159		 1.198871		-6.216251		 2.561680
 1.137569		 1.409038		 7.219609		 6.394336		 3.452591		 3.629654		-2.879533		 2.386930		 7.781152		 5.411397		 1.518485		 2.680605		-0.332079		-1.627613		 1.251074		 3.557843		 5.733643		 0.031651		-5.908051		 2.672324
 1.782566		 1.746870		 7.441248		 6.731654		 2.914955		 3.003341		-2.680270		 2.205932		 8.252594		 5.270741		 0.973890		 2.641253		-0.302287		-1.374638		 1.272062		 3.895470		 5.627339		-1.094810		-5.519489		 2.526455
 2.363805		 2.173113		 7.687644		 6.884302		 2.233657		 2.531842		-2.445660		 1.992137		 8.651596		 5.047867		 0.411620		 2.684675		-0.220441		-1.130025		 1.308945		 4.216554		 5.397082		-2.141032		-5.054402		 2.182653
 2.855463		 2.701208		 7.953623		 6.803307		 1.457270		 2.251360		-2.181908		 1.776481		 8.975469		 4.744193		-0.132808		 2.802704		-0.090605		-0.894911		 1.365350		 4.519816		 5.038297		-3.068956		-4.516051		 1.712698
 3.246013		 3.338358		 8.224807		 6.445045		 0.655544		 2.170461		-1.892585		 1.586522		 9.229205		 4.364299		-0.628130		 2.978248		 0.085476		-0.670912		 1.443307		 4.803298		 4.553716		-3.845635		-3.915340		 1.193090
 3.536625		 4.080471		 8.472239		 5.779554		-0.090294		 2.264019		-1.576672		 1.443638		 9.422540		 3.915115		-1.050313		 3.188480		 0.306896		-0.460255		 1.543364		 5.063974		 3.953457		-4.447150		-3.275551		 0.695042
 3.738262		 4.909971		 8.647824		 4.800995		-0.700533		 2.476359		-1.230270		 1.362078		 9.566625		 3.405032		-1.383520		 3.408593		 0.571691		-0.265506		 1.664645		 5.297556		 3.254392		-4.861245		-2.631751		 0.274553
 3.868214		 5.796579		 8.683680		 3.538738		-1.110379		 2.735036		-0.851623		 1.349397		 9.671127		 2.843177		-1.619287		 3.615434		 0.875302		-0.088983		 1.804970		 5.498566		 2.478896		-5.087530		-2.025083		-0.034581
 3.946847		 6.700272		 8.498544		 2.065479		-1.282100		 2.972601		-0.445992		 1.407747		 9.742159		 2.239085		-1.754617		 3.790501		 1.209912		 0.068022		 1.961113		 5.660678		 1.653245		-5.135196		-1.494215		-0.222522
 3.995029		 7.575376		 8.012571		 0.496896		-1.215711		 3.148637		-0.026245		 1.535603		 9.781174		 1.602735		-1.789847		 3.922077		 1.564749		 0.205910		 2.129202		 5.777301		 0.805949		-5.019347		-1.067157		-0.299626
 4.032199		 8.374918		 7.168116		-1.021676		-0.956900		 3.261159		 0.392139		 1.729272		 9.784735		 0.944838		-1.727011		 4.006468		 1.927165		 0.327092		 2.305191		 5.842295		-0.033846		-4.757544		-0.756021		-0.288986
 4.074885		 9.054562		 5.949977		-2.340162		-0.596681		 3.339298		 0.798702		 1.983591		 9.744876		 0.277211		-1.569175		 4.048391		 2.284113		 0.435753		 2.485273		 5.850687		-0.837849		-4.367822		-0.555745		-0.218016
 4.135666		 9.575746		 4.397303		-3.330622		-0.254851		 3.419609		 1.193603		 2.291962		 9.649740		-0.386939		-1.320896		 4.060567		 2.623603		 0.537060		 2.666112		 5.799275		-1.580118		-3.868527		-0.446389		-0.111464
 4.222780		 9.907973		 2.602612		-3.903990		-0.045219		 3.520520		 1.588655		 2.646560		 9.484275		-1.033088		-0.989690		 4.062449		 2.935809		 0.635944		 2.844870		 5.687050		-2.238601		-3.279425		-0.397826		 0.012840
 4.340463		10.030524		 0.698804		-4.013120		-0.033082		 3.632197		 2.004044		 3.039097		 9.230836		-1.646155		-0.588063		 4.077986		 3.213596		 0.735767		 3.019056		 5.515419		-2.796609		-2.623034		-0.375487		 0.145299
 4.489777		 9.933903		-1.161811		-3.650793		-0.204395		 3.728139		 2.461523		 3.461305		 8.869717		-2.211961		-0.135459		 4.132385		 3.452442		 0.837205		 3.186317		 5.288249		-3.243974		-1.925161		-0.345916		 0.283537
 4.669462		 9.620884		-2.832888		-2.853508		-0.463730		 3.788654		 2.975469		 3.903637		 8.379998		-2.718791		 0.340598		 4.248087		 3.649930		 0.937685		 3.344302		 5.011749		-3.577592		-1.214091		-0.281186		 0.430038
 4.876345		 9.106481		-4.200326		-1.710116		-0.665410		 3.817954		 3.545798		 4.351422		 7.741556		-3.158042		 0.804736		 4.440487		 3.805231		 1.031566		 3.490710		 4.694215		-3.801137		-0.518538		-0.161568		 0.589543
 5.105228		 8.416046		-5.203291		-0.361573		-0.664995		 3.842399		 4.156963		 4.779617		 6.939188		-3.523178		 1.215688		 4.714163		 3.919102		 1.111126		 3.623534		 4.345609		-3.923948		 0.135036		 0.023670		 0.767055
 5.348432		 7.581334		-5.841844		 1.019747		-0.366634		 3.893438		 4.782221		 5.149147		 5.969130		-3.807262		 1.530186		 5.060432		 3.994769		 1.168173		 3.741421		 3.977003		-3.959320		 0.724920		 0.277057		 0.966834
 5.595342		 6.635442		-6.167021		 2.266152		 0.254430		 3.991365		 5.388107		 5.408046		 4.847123		-4.000623		 1.709024		 5.457031		 4.039599		 1.195890		 3.843967		 3.599869		-3.922562		 1.235815		 0.594745		 1.192281
 5.832092		 5.608269		-6.257828		 3.247823		 1.158044		 4.142701		 5.936270		 5.498831		 3.615654		-4.090896		 1.725120		 5.870649		 4.066681		 1.190336		 3.931801		 3.225324		-3.829193		 1.659378		 0.968738		 1.446268
 6.041387		 4.524058		-6.195443		 3.888212		 2.262581		 4.349636		 6.384112		 5.370838		 2.346478		-4.066945		 1.572088		 6.262608		 4.094847		 1.151052		 4.006413		 2.863437		-3.693539		 1.993748		 1.389015		 1.731413
 6.202367		 3.401774		-6.043705		 4.160782		 3.470387		 4.620430		 6.685957		 4.994178		 1.134427		-3.925994		 1.269853		 6.596816		 4.145860		 1.080590		 4.069865		 2.522732		-3.527868		 2.242377		 1.845191		 2.049916
 6.290572		 2.258119		-5.839496		 4.076558		 4.685460		 4.971856		 6.794255		 4.371275		 0.081278		-3.680530		 0.863040		 6.847494		 4.239034		 0.983365		 4.124587		 2.209957		-3.342041		 2.412580		 2.327583		 2.402785
 6.278318		 1.112246		-5.592164		 3.672755		 5.821247		 5.422099		 6.660365		 3.542776		-0.726721		-3.359964		 0.410504		 7.003511		 4.385537		 0.864617		 4.173365		 1.930079		-3.143587		 2.514132		 2.827675		 2.788493
 6.136057		-0.009341		-5.289717		 3.007428		 6.802232		 5.977436		 6.237191		 2.586647		-1.240345		-3.003943		-0.030250		 7.067679		 4.585431		 0.730013		 4.219412		 1.686413		-2.938040		 2.558090		 3.338124		 3.201203
 5.835361		-1.069659		-4.910049		 2.158652		 7.565339		 6.618201		 5.488175		 1.610904		-1.460587		-2.649516		-0.416234		 7.052249		 4.828847		 0.585805		 4.266313		 1.480778		-2.729389		 2.555901		 3.852443		 3.628925
 5.353866		-2.021945		-4.435412		 1.222484		 8.065876		 7.291229		 4.405159		 0.740416		-1.438749		-2.319439		-0.724061		 6.973679		 5.100136		 0.439098		 4.317698		 1.313632		-2.520533		 2.518793		 4.364562		 4.052069
 4.681726		-2.815382		-3.866587		 0.303591		 8.287853		 7.916109		 3.029769		 0.097678		-1.261159		-2.018801		-0.947116		 6.849027		 5.382546		 0.297782		 4.376687		 1.184211		-2.313660		 2.457358		 4.868410		 4.443051
 3.827996		-3.404874		-3.230893		-0.502699		 8.252187		 8.407052		 1.464220		-0.220791		-1.020115		-1.740849		-1.089212		 6.694357		 5.661585		 0.170030		 4.445282		 1.090667		-2.110532		 2.381286		 5.357666		 4.767599
 2.824559		-3.761442		-2.578698		-1.130445		 8.014204		 8.701130		-0.141983		-0.166440		-0.780434		-1.476146		-1.158746		 6.524279		 5.926587		 0.063479		 4.523924		 1.030230		-1.912668		 2.299188		 5.825742		 4.988088
 1.725452		-3.879080		-1.968526		-1.554644		 7.648264		 8.777060		-1.628227		 0.249395		-0.558107		-1.218696		-1.164829		 6.351814		 6.170821		-0.015653		 4.611346		 0.999378		-1.721431		 2.218477		 6.265998		 5.068664
 0.600853		-3.775932		-1.447853		-1.788210		 7.227195		 8.655116		-2.863946		 0.959032		-0.323363		-0.968275		-1.115553		 6.188304		 6.390785		-0.063303		 4.704756		 0.994029		-1.538046		 2.145286		 6.672109		 4.981162
-0.472985		-3.490664		-1.039361		-1.867522		 6.807337		 8.382224		-3.774724		 1.856324		-0.025132		-0.732105		-1.018295		 6.043279		 6.585237		-0.078011		 4.800271		 1.009748		-1.363543		 2.084450		 7.038444		 4.710377
-1.425087		-3.076272		-0.738403		-1.835352		 6.424046		 8.013471		-4.345717		 2.822498		 0.378897		-0.526646		-0.881427		 5.924162		 6.754414		-0.061042		 4.893506		 1.041993		-1.198682		 2.039526		 7.360358		 4.257285
-2.199215		-2.592805		-0.520637		-1.728614		 6.095104		 7.598469		-4.608014		 3.751405		 0.902045		-0.376660		-0.715836		 5.835890		 6.899601		-0.016161		 4.980176		 1.086400		-1.043869		 2.012899		 7.634311		 3.639425
-2.759078		-2.099453		-0.354243		-1.573427		 5.826834		 7.174848		-4.618545		 4.566904		 1.524256		-0.309537		-0.534566		 5.780816		 7.022931		 0.050875		 5.056622		 1.139073		-0.899100		 2.005922		 7.857842		 2.888561
-3.088661		-1.646485		-0.210709		-1.385722		 5.619313		 6.767246		-4.441984		 5.229036		 2.200398		-0.346952		-0.350358		 5.759175		 7.127155		 0.132978		 5.120184		 1.196858		-0.763959		 2.019113		 8.029458		 2.046481
-3.188890		-1.268373		-0.070698		-1.174212		 5.469626		 6.389259		-4.138528		 5.730317		 2.874224		-0.498153		-0.172655		 5.770027		 7.215199		 0.222359		 5.169411		 1.257544		-0.637668		 2.052345		 8.148523		 1.160139
-3.072963		-0.979703		 0.075301		-0.943308		 5.373517		 6.046359		-3.757773		 6.086301		 3.491544		-0.757719		-0.006135		 5.812282		 7.289547		 0.311017		 5.204133		 1.319996		-0.519190		 2.105029		 8.215215		 0.277114
-2.762464		-0.774889		 0.229733		-0.695027		 5.326171		 5.738626		-3.337150		 6.324905		 4.008953		-1.107753		 0.148330		 5.885372		 7.351669		 0.391064		 5.225443		 1.384197		-0.407350		 2.176249		 8.230575		-0.558169
-2.285230		-0.631605		 0.391678		-0.430048		 5.322604		 5.462853		-2.902966		 6.477505		 4.397390		-1.522596		 0.290939		 5.989319		 7.401727		 0.454945		 5.235635		 1.451210		-0.300982		 2.264857		 8.196629		-1.307402
-1.674576		-0.516941		 0.559616		-0.148343		 5.357862		 5.213962		-2.472583		 6.573018		 4.641685		-1.973959		 0.419910		 6.124108		 7.438699		 0.495699		 5.238106		 1.523079		-0.199052		 2.369520		 8.116522		-1.940700
-0.968676		-0.394767		 0.732424		 0.150291		 5.427068		 4.985878		-2.056747		 6.634828		 4.737917		-2.435089		 0.529398		 6.288430		 7.460906		 0.507356		 5.237188		 1.602667		-0.100768		 2.488726		 7.994616		-2.438260
-0.208970		-0.232704		 0.908869		 0.465652		 5.525315		 4.772064		-1.661624		 6.679833		 4.690148		-2.883329		 0.608970		 6.478083		 7.466862		 0.485566		 5.237867		 1.693427		-0.005657		 2.620780		 7.836458		-2.791182
 0.562815		-0.007341		 1.086544		 0.796561		 5.647491		 4.565881		-1.290366		 6.718788		 4.507530		-3.301020		 0.644600		 6.684435		 7.456342		 0.428400		 5.245335		 1.799120		 0.086399		 2.763782		 7.648613		-3.001213
 1.308517		 0.293100		 1.261279		 1.140391		 5.788117		 4.360895		-0.944211		 6.757277		 4.202219		-3.674984		 0.620791		 6.893455		 7.431528		 0.337186		 5.264388		 1.923473		 0.175150		 2.915623		 7.438361		-3.079309
 1.997209		 0.668750		 1.427565		 1.492914		 5.941285		 4.151189		-0.623202		 6.796909		 3.788181		-3.995015		 0.523305		 7.085679		 7.398046		 0.217147		 5.298748		 2.069778		 0.260003		 3.073999		 7.213300		-3.043221
 2.607637		 1.110205		 1.579827		 1.848564		 6.100723		 3.931698		-0.326624		 6.836483		 3.280757		-4.251908		 0.342068		 7.237288		 7.365574		 0.077635		 5.350449		 2.240449		 0.340080		 3.236450		 6.980938		-2.914557
 3.128892		 1.601853		 1.713930		 2.201063		 6.259954		 3.698506		-0.053256		 6.873018		 2.696789		-4.435602		 0.073892		 7.322238		 7.347634		-0.068103		 5.419462		 2.436535		 0.414301		 3.400432		 6.748324		-2.715918
 3.559416		 2.125449		 1.828251		 2.544220		 6.412480		 3.449075		 0.198495		 6.902626		 2.055048		-4.534004		-0.275288		 7.315254		 7.360243		-0.203498		 5.503653		 2.657188		 0.481508		 3.563423		 6.521787		-2.468559
 3.904912		 2.663154		 1.923962		 2.872611		 6.551922		 3.182363		 0.430525		 6.921216		 1.376673		-4.533009		-0.689062		 7.195354		 7.419383		-0.309335		 5.599024		 2.899116		 0.540621		 3.723053		 6.306782		-2.190831
 4.175825		 3.199628		 2.004571		 3.181966		 6.672117		 2.898845		 0.644988		 6.925067		 0.685308		-4.417980		-1.140567		 6.949549		 7.537717		-0.364342		 5.700043		 3.156032		 0.590856		 3.877263		 6.107835		-1.897436
 4.385005		 3.723086		 2.075007		 3.469216		 6.767190		 2.600447		 0.844261		 6.911289		 0.006651		-4.176645		-1.594422		 6.576160		 7.721471		-0.345814		 5.799805		 3.418179		 0.631998		 4.024457		 5.928557		-1.599336
 4.545852		 4.225498		 2.140570		 3.732259		 6.831647		 2.290452		 1.030871		 6.878158		-0.632759		-3.802795		-2.010780		 6.086982		 7.968550		-0.230724		 5.889812		 3.672050		 0.664777		 4.163656		 5.771677		-1.304108
 4.671058		 4.702205		 2.205992		 3.969591		 6.860543		 1.973373		 1.207398		 6.825343		-1.207477		-3.299724		-2.351042		 5.507386		 8.268663		 0.002104		 5.959363		 3.900570		 0.691338		 4.294606		 5.639059		-1.016526
 4.771895		 5.151224		 2.274737		 4.179903		 6.849735		 1.654804		 1.376319		 6.753991		-1.695486		-2.682135		-2.583934		 4.873740		 8.605462		 0.368479		 5.994708		 4.084080		 0.715784		 4.417820		 5.531648		-0.739224
 4.857910		 5.572467		 2.348538		 4.361751		 6.796223		 1.341229		 1.539821		 6.666667		-2.080399		-1.975608		-2.690222		 4.228350		 8.959950		 0.874414		 5.978282		 4.202524		 0.744667		 4.534561		 5.449358		-0.473304
 4.936906		 5.966984		 2.427137		 4.513362		 6.698558		 1.039765		 1.699609		 6.567162		-2.352961		-1.213553		-2.664670		 3.613166		 9.314024		 1.511813		 5.888405		 4.239016		 0.787175		 4.646770		 5.390863		-0.218868
 5.015082		 6.336301		 2.508181		 4.632606		 6.557245		 0.757811		 1.856748		 6.460175		-2.511466		-0.432515		-2.514873		 3.064053		 9.653282		 2.255521		 5.699942		 4.184546		 0.854733		 4.757024		 5.353379		 0.024567
 5.097268		 6.681865		 2.587234		 4.717171		 6.375115		 0.502621		 2.011598		 6.350926		-2.561062		 0.332766		-2.257758		 2.607141		 9.968630		 3.062626		 5.386551		 4.042893		 0.959814		 4.868578		 5.332476		 0.257738
 5.187194		 7.004583		 2.657885		 4.764948		 6.157542		 0.280810		 2.163873		 6.244728		-2.512197		 1.053282		-1.915139		 2.257840		10.256696		 3.874376		 4.925163		 3.834096		 1.114092		 4.985452		 5.322032		 0.481370
 5.287755		 7.304448		 2.711984		 4.774615		 5.912459		 0.097857		 2.312834		 6.146579		-2.378689		 1.707953		-1.509610		 2.022101		10.519150		 4.620610		 4.302719		 3.594378		 1.326626		 5.112319		 5.314350		 0.695966
 5.401245		 7.580233		 2.740039		 4.746357		 5.650083		-0.042342		 2.457585		 6.060812		-2.175844		 2.284080		-1.061551		 1.899010		10.761076		 5.226299		 3.523993		 3.370770		 1.603217		 5.253884		 5.300394		 0.901678
 5.529558		 7.829247		 2.731809		 4.682634		 5.382317		-0.137778		 2.597405		 5.990847		-1.918950		 2.776496		-0.587389		 1.883726		10.988510		 5.619494		 2.617750		 3.210185		 1.947774		 5.413561		 5.269924		 1.098352
 5.674346		 8.047144		 2.677134		 4.588823		 5.121878		-0.188457		 2.732034		 5.939066		-1.622263		 3.186012		-0.098923		 1.970072		11.205371		 5.739595		 1.637933		 3.145237		 2.365111		 5.591795		 5.211349		 1.285801
 5.837184		 8.227771		 2.566969		 4.473541		 4.881255		-0.196312		 2.861835		 5.906817		-1.298465		 3.517684		 0.396653		 2.152366		11.410060		 5.544660		 0.657984		 3.181545		 2.862653		 5.784701		 5.111297		 1.464300
 6.019767		 8.363067		 2.394531		 4.348472		 4.671680		-0.164935		 2.987801		 5.894516		-0.958494		 3.779264		 0.896326		 2.426295		11.592094		 5.016641		-0.240327		 3.292166		 3.447937		 5.983618		 4.954418		 1.635166
 6.224149		 8.443013		 2.156403		 4.227564		 4.502366		-0.099181		 3.111410		 5.901822		-0.611585		 3.979990		 1.400644		 2.788796		11.729146		 4.164257		-0.979124		 3.423225		 4.121157		 6.175813		 4.724274		 1.801193
 6.452946		 8.455673		 1.853374		 4.125601		 4.380180		-0.004734		 3.234371		 5.927839		-0.265425		 4.129758		 1.912983		 3.236861		11.784991		 3.024057		-1.493137		 3.511183		 4.866337		 6.346262		 4.406053		 1.966645
 6.709347		 8.387357		 1.490847		 4.056285		 4.309828		 0.112294		 3.358340		 5.971311		 0.073692		 4.238637		 2.438688		 3.765240		11.709135		 1.660468		-1.733920		 3.507723		 5.647624		 6.479885		 3.990840		 2.136546
 6.996729		 8.222998		 1.078729		 4.030058		 4.294470		 0.245695		 3.484650		 6.030793		 0.400751		 4.316612		 2.984032		 4.363005		11.439326		 0.164389		-1.673744		 3.404491		 6.415786		 6.562513		 3.479828		 2.315296
 7.317727		 7.946837		 0.630851		 4.051998		 4.336467		 0.389454		 3.614097		 6.104792		 0.711969		 4.373485		 3.554917		 5.009130		10.908355		-1.352251		-1.315191		 3.247375		 7.124052		 6.578320		 2.886276		 2.504985
 7.672785		 7.543550		 0.164154		 4.120096		 4.437912		 0.538054		 3.746794		 6.191874		 1.004821		 4.418793		 4.155247		 5.667663		10.055965		-2.769361		-0.707325		 3.130021		 7.745019		 6.503375		 2.234242		 2.703980
 8.058382		 6.999991		-0.302112		 4.224252		 4.600588		 0.686877		 3.882105		 6.290736		 1.278104		 4.461688		 4.784967		 6.283756		 8.844905		-3.978726		 0.041364		 3.162141		 8.277074		 6.299145		 1.555353		 2.905947
 8.465247		 6.307810		-0.746892		 4.346350		 4.825196		 0.832774		 4.018668		 6.400247		 1.532026		 4.510673		 5.437849		 6.782582		 7.277868		-4.903635		 0.769812		 3.421311		 8.734806		 5.912575		 0.886222		 3.099087
 8.876985		 5.467136		-1.147486		 4.461808		 5.109931		 0.974853		 4.154521		 6.519409		 1.768245		 4.573174		 6.099272		 7.073624		 5.410872		-5.506997		 1.300010		 3.910362		 9.130749		 5.287615		 0.268023		 3.265898
 9.269855		 4.491022		-1.479600		 4.543051		 5.448862		 1.115409		 4.287335		 6.647238		 1.989821		 4.654924		 6.744407		 7.062525		 3.358993		-5.784556		 1.491598		 4.543903		 9.463233		 4.387330		-0.253046		 3.385204
 9.614822		 3.409128		-1.717975		 4.565069		 5.830821		 1.260711		 4.414702		 6.782514		 2.201010		 4.759184		 7.337524		 6.671012		 1.290456		-5.753701		 1.291368		 5.174153		 9.718237		 3.218755		-0.627677		 3.438903
 9.882567		 2.267758		-1.838364		 4.512512		 6.239639		 1.421074		 4.534394		 6.923430		 2.406846		 4.885868		 7.833337		 5.861721		-0.595447		-5.452475		 0.753285		 5.646218		 9.880075		 1.847490		-0.809971		 3.423852
10.049984		 1.123490		-1.821075		 4.386512		 6.656222		 1.609521		 4.644466		 7.067227		 2.612509		 5.030679		 8.181263		 4.659740		-2.107447		-4.949247		 0.015597		 5.855871		 9.940927		 0.391157		-0.767883		 3.364397
10.104041		 0.030647		-1.655107		 4.208487		 7.062088		 1.838652		 4.743182		 7.209987		 2.822468		 5.184434		 8.332835		 3.159750		-3.107909		-4.344738		-0.757219		 5.778754		 9.905062		-1.007919		-0.494750		 3.316967
10.038802		-0.972417		-1.341309		 4.018825		 7.443118		 2.116150		 4.828797		 7.346790		 3.039487		 5.332794		 8.251183		 1.511574		-3.544689		-3.749487		-1.435515		 5.458229		 9.789325		-2.218044		-0.017661		 3.359764
 9.845796		-1.871083		-0.893855		 3.870588		 7.791944		 2.440206		 4.899341		 7.472351		 3.263587		 5.456698		 7.920250		-0.112764		-3.454890		-3.245479		-1.953374		 4.968815		 9.620808		-3.145581		 0.602591		 3.568600
 9.503758		-2.672085		-0.340964		 3.820475		 8.108154		 2.796298		 4.952519		 7.582090		 3.491185		 5.533721		 7.350821		-1.557984		-2.943952		-2.860303		-2.298366		 4.383988		 9.431115		-3.745742		 1.283249		 3.989023
 8.975791		-3.392590		 0.273543		 3.919304		 8.396520		 3.156213		 4.985821		 7.673420		 3.714624		 5.540513		 6.581166		-2.716151		-2.153902		-2.571313		-2.484676		 3.762516		 9.248785		-4.017992		 1.940115		 4.617877
 8.217744		-4.046489		 0.887627		 4.202483		 8.664276		 3.479584		 4.996968		 7.746980		 3.922316		 5.456112		 5.671763		-3.539969		-1.231787		-2.331365		-2.533643		 3.148651		 9.093471		-3.993025		 2.508336		 5.402325
 7.194295		-4.633860		 1.419894		 4.679508		 8.918768		 3.718111		 4.984807		 7.807474		 4.099552		 5.265617		 4.695603		-4.037932		-0.303932		-2.095588		-2.467911		 2.575950		 8.974189		-3.718244		 2.954876		 6.255162
 5.895014		-5.136238		 1.774702		 5.322683		 9.166952		 3.822859		 4.950559		 7.863763		 4.229776		 4.963360		 3.726892		-4.257339		 0.540150		-1.835812		-2.312179		 2.069258		 8.891165		-3.245853		 3.279121		 7.077986
 4.344175		-5.516013		 1.857850		 6.058699		 9.417638		 3.754725		 4.898823		 7.927844		 4.295982		 4.554800		 2.831076		-4.263846		 1.252088		-1.541970		-2.093277		 1.644790		 8.839311		-2.624862		 3.503956		 7.782017
 2.603027		-5.717012		 1.603463		 6.770279		 9.685199		 3.496584		 4.837509		 8.012570		 4.281929		 4.056742		 2.057998		-4.124375		 1.818828		-1.216539		-1.837772		 1.310122		 8.811588		-1.896816		 3.662732		 8.300057
 0.766677		-5.667485		 1.006589		 7.315308		 9.990112		 3.063484		 4.776376		 8.128397		 4.173174		 3.496006		 1.438650		-3.896253		 2.251343		-0.867930		-1.568851		 1.065192		 8.801421		-1.094526		 3.787087		 8.589091
-1.043259		-5.292751		 0.148640		 7.565456		10.350952		 2.506578		 4.725012		 8.279871		 3.958155		 2.907034		 0.984972		-3.622243		 2.572877		-0.505754		-1.304283		 0.904212		 8.804101		-0.243002		 3.898212		 8.627519
-2.692634		-4.543853		-0.803169		 7.454667		10.769061		 1.907833		 4.691258		 8.462752		 3.629607		 2.328931		 0.691812		-3.329879		 2.809868		-0.138481		-1.055980		 0.817859		 8.817374		 0.638164		 4.001950		 8.411993
-4.057959		-3.434783		-1.636346		 7.013926		11.218226		 1.364352		 4.679803		 8.662534		 3.186539		 1.802218		 0.540320		-3.033555		 2.986471		 0.227189		-0.830699		 0.795214		 8.841484		 1.531581		 4.087179		 7.956696
-5.054558		-2.063507		-2.163173		 6.365975		11.652338		 0.963654		 4.690231		 8.855087		 2.636784		 1.365312		 0.502398		-2.738189		 3.122174		 0.586078		-0.631232		 0.825191		 8.878834		 2.418637		 4.127147		 7.294758
-5.656777		-0.593728		-2.281762		 5.676329		12.027171		 0.757732		 4.715670		 9.009958		 1.999604		 1.050621		 0.546022		-2.443427		 3.231448		 0.934054		-0.457602		 0.897473		 8.933381		 3.276422		 4.083903		 6.479283
-5.898171		 0.797435		-1.992162		 5.091524		12.317560		 0.748954		 4.744098		 9.096238		 1.306847		 0.880347		 0.641023		-2.147405		 3.324495		 1.267675		-0.308055		 1.003025		 9.009815		 4.075674		 3.915975		 5.581486
-5.851890		 1.973745		-1.367298		 4.703286		12.518333		 0.894472		 4.761987		 9.089737		 0.600898		 0.862789		 0.764334		-1.849212		 3.408399		 1.584037		-0.179798		 1.134323		 9.112563		 4.780326		 3.588667		 4.684926
-5.603243		 2.867315		-0.507477		 4.549496		12.633678		 1.122669		 4.758130		 8.979223		-0.071112		 0.990415		 0.903188		-1.549752		 3.488237		 1.880789		-0.069535		 1.285383		 9.244684		 5.349111		 3.085170		 3.876241
-5.227025		 3.474751		 0.494854		 4.634701		12.664840		 1.350419		 4.726631		 8.769739		-0.665417		 1.240912		 1.055124		-1.251351		 3.567873		 2.156187		 0.026156		 1.451661		 9.406756		 5.739332		 2.415444		 3.233348
-4.774938		 3.835595		 1.571360		 4.949386		12.600656		 1.495640		 4.669629		 8.482085		-1.149398		 1.581451		 1.224933		-0.956897		 3.650326		 2.409100		 0.110566		 1.629879		 9.595922		 5.912408		 1.619489		 2.812562
-4.272473		 4.008529		 2.679189		 5.478603		12.410515		 1.486610		 4.599811		 8.148746		-1.506627		 1.975131		 1.420076		-0.669158		 3.737768		 2.638953		 0.186701		 1.817806		 9.805256		 5.840213		 0.762668		 2.637257
-3.723141		 4.053978		 3.794897		 6.200129		12.038875		 1.271965		 4.540779		 7.807514		-1.737967		 2.387656		 1.646662		-0.390498		 3.831356		 2.845632		 0.257230		 2.014029		10.023617		 5.510709		-0.076445		 2.691762
