8.099819	
8.028390	
8.049042	
8.057034	
8.046647	
8.086198	
8.080016	
8.086033	
8.083784	
8.090013	
8.061040	
8.054189	
8.073048	
8.097875	
8.087459	
8.075478	
8.105323	
8.099856	
8.067794	
8.074989	
8.075836	
8.082777	
8.080166	
8.071950	
8.083963	
8.088972	
8.085736	
8.092151	
8.099700	
8.087149	
8.097038	
8.077049	
8.084048	
8.086069	
8.100363	
8.086774	
8.098044	
8.116644	
8.102101	
8.105640	
8.090040	
8.084661	
8.085106	
8.087665	
8.106046	
8.119217	
8.104011	
8.090876	
8.097258	
8.090109	
8.077627	
8.079316	
8.082204	
8.077528	
8.083648	
8.079229	
8.080146	
8.080293	
8.080314	
8.076101	
8.074444	
8.075605	
8.073001	
8.075999	
8.077746	
8.077390	
8.076627	
8.076986	
8.078059	
8.077751	
8.078838	
8.079121	
8.079881	
8.078003	
8.079357	
