-0.717592	0.971468	5.427703	2.944621	-4.433084	-0.872193	-0.406992	4.723235	3.951746	-3.452341	-1.838634	-0.536145	6.798418	9.266096	1.272520	1.879337	5.332561	4.700080	-2.279430	1.260748	
-0.373701	1.092151	5.573880	2.319232	-4.519986	-0.312886	-0.327828	4.762626	3.675117	-3.758096	-1.191113	-0.711970	6.650531	9.477609	0.315460	1.956021	5.572506	4.207089	-2.458314	1.725155	
0.012567	1.247429	5.698474	1.667989	-4.489707	0.146562	-0.132955	4.821694	3.355058	-3.957662	-0.551537	-0.718225	6.491058	9.541755	-0.566260	2.121391	5.838397	3.662695	-2.563570	2.140191	
0.438413	1.434532	5.794074	1.004770	-4.357576	0.490257	0.150065	4.901297	2.989337	-4.060676	0.046037	-0.562463	6.366238	9.457320	-1.340656	2.354932	6.132928	3.059596	-2.604366	2.489292	
0.897971	1.650727	5.850750	0.343517	-4.136464	0.715640	0.489933	4.996193	2.577848	-4.079121	0.571496	-0.264203	6.308706	9.227461	-1.996356	2.626083	6.453298	2.392673	-2.586798	2.761040	
1.382869	1.893400	5.856709	-0.301512	-3.836499	0.832496	0.856338	5.098022	2.123281	-4.025400	1.002175	0.150074	6.335436	8.854368	-2.539959	2.900117	6.789656	1.662204	-2.511857	2.949359	
1.882619	2.159846	5.799128	-0.915466	-3.466109	0.860843	1.223587	5.197767	1.631563	-3.910521	1.324515	0.650697	6.448620	8.336117	-2.989328	3.142988	7.126183	0.877161	-2.374698	3.054499	
2.385333	2.446554	5.665153	-1.483288	-3.034356	0.827949	1.573115	5.286855	1.111574	-3.743025	1.534587	1.207380	6.638040	7.666486	-3.365884	3.323569	7.444277	0.057875	-2.165468	3.084430	
2.878764	2.747954	5.443244	-1.990358	-2.553105	0.764844	1.894697	5.357591	0.574745	-3.528501	1.637489	1.790992	6.883252	6.837072	-3.687210	3.413959	7.726844	-0.762801	-1.872684	3.056941	
3.352014	3.054930	5.124872	-2.423433	-2.038885	0.702379	2.186204	5.403066	0.034035	-3.269652	1.646391	2.374684	7.155541	5.841522	-3.960964	3.388678	7.961852	-1.540273	-1.487907	3.000608	
3.797415	3.353007	4.706280	-2.771743	-1.513291	0.667634	2.451801	5.416678	-0.497024	-2.967264	1.581270	2.935117	7.419477	4.681218	-4.180395	3.224855	8.144408	-2.221304	-1.011481	2.953637	
4.211574	3.621285	4.190512	-3.027685	-1.001532	0.680661	2.699504	5.391891	-1.005100	-2.621711	1.467146	3.454071	7.635559	3.371890	-4.322362	2.904974	8.276593	-2.749391	-0.457396	2.958937	
4.594865	3.832164	3.589247	-3.187083	-0.529465	0.752729	2.938345	5.322052	-1.477856	-2.234768	1.332352	3.920155	7.763363	1.949107	-4.348541	2.423303	8.365283	-3.071710	0.144837	3.055372	
4.948903	3.953148	2.924173	-3.249640	-0.119719	0.885975	3.176100	5.200651	-1.904547	-1.811270	1.206056	4.329721	7.766035	0.470955	-4.211365	1.795862	8.419055	-3.146996	0.753234	3.268071	
5.272752	3.950595	2.227472	-3.219235	0.212218	1.074575	3.417932	5.021529	-2.276522	-1.360315	1.115627	4.686888	7.615031	-0.985080	-3.865782	1.070895	8.445568	-2.953389	1.321291	3.600581	
5.559655	3.795634	1.540622	-3.104835	0.461023	1.307094	3.665913	4.779596	-2.587680	-0.895530	1.084151	5.001413	7.293462	-2.332344	-3.286425	0.333512	8.450990	-2.495372	1.808665	4.033217	
5.795400	3.471211	0.910906	-2.921310	0.632192	1.569757	3.918987	4.471499	-2.834655	-0.434494	1.128394	5.285270	6.797482	-3.490602	-2.485609	-0.303192	8.441377	-1.807840	2.190892	4.528410	
5.959134	2.978565	0.385790	-2.688855	0.740307	1.849478	4.173339	4.095976	-3.016775	0.002892	1.257428	5.548453	6.135020	-4.403080	-1.523508	-0.722766	8.423509	-0.954269	2.463853	5.041327	
6.026659	2.341082	0.005363	-2.430425	0.805199	2.136095	4.422660	3.654359	-3.135443	0.396643	1.472211	5.795142	5.322637	-5.047515	-0.502575	-0.838175	8.403880	-0.017909	2.640980	5.530876	
5.975118	1.603050	-0.204946	-2.166862	0.847179	2.423353	4.658553	3.150735	-3.193040	0.728807	1.765803	6.021535	4.382110	-5.435886	0.454889	-0.618278	8.386677	0.911735	2.745715	5.967010	
5.788441	0.823258	-0.239494	-1.911593	0.883276	2.708638	4.870917	2.591975	-3.191956	0.985598	2.124148	6.215605	3.337930	-5.603361	1.236275	-0.095224	8.374091	1.753446	2.803205	6.332496	
5.461495	0.064733	-0.113811	-1.667446	0.925649	2.991833	5.048443	1.987645	-3.133669	1.159204	2.527408	6.358805	2.216929	-5.591579	1.762457	0.648280	8.369941	2.446323	2.834549	6.621009	
5.002087	-0.616098	0.138743	-1.427326	0.981935	3.274034	5.179297	1.350159	-3.018174	1.248881	2.952160	6.429336	1.049715	-5.434259	1.998704	1.502954	8.383388	2.955921	2.853846	6.833686	
4.429988	-1.177869	0.473520	-1.178743	1.056298	3.556414	5.251632	0.694641	-2.844263	1.261584	3.374183	6.406325	-0.126996	-5.150002	1.954733	2.357781	8.429327	3.274384	2.867777	6.975908	
3.773838	-1.597933	0.843039	-0.909483	1.150697	3.839495	5.254261	0.038806	-2.610732	1.211999	3.771876	6.273982	-1.269788	-4.743951	1.678746	3.119589	8.524396	3.415420	2.876684	7.054952	
3.067080	-1.871334	1.205155	-0.611957	1.265704	4.122510	5.177385	-0.597833	-2.318007	1.121432	4.129496	6.024886	-2.331157	-4.216027	1.248198	3.725771	8.680363	3.406458	2.877010	7.078904	
2.343719	-2.006403	1.528714	-0.284936	1.401417	4.402998	5.013289	-1.194837	-1.970468	1.015923	4.439218	5.661187	-3.265285	-3.572246	0.757254	4.150255	8.897791	3.281205	2.864452	7.056306	
1.634875	-2.019490	1.795987	0.067335	1.558181	4.676588	4.757313	-1.732448	-1.578121	0.923206	4.701380	5.193525	-4.035938	-2.834192	0.300829	4.402816	9.163665	3.073334	2.836700	6.995947	
0.966403	-1.930403	2.002144	0.437414	1.736968	4.937133	4.408378	-2.193308	-1.157439	0.869167	4.922528	4.638008	-4.622766	-2.041865	-0.042554	4.521632	9.454152	2.811851	2.795118	6.906604	
0.357506	-1.759044	2.152809	0.817020	1.939528	5.176746	3.969399	-2.563997	-0.730383	0.874201	5.111963	4.012260	-5.023605	-1.249125	-0.223448	4.560647	9.740930	2.517851	2.744765	6.796753	
-0.179462	-1.523810	2.260508	1.199086	2.167660	5.385690	3.447288	-2.835764	-0.322186	0.950469	5.277794	3.332360	-5.251619	-0.513537	-0.225599	4.576021	9.997405	2.202583	2.693387	6.674262	
-0.638370	-1.241009	2.341391	1.578685	2.422638	5.552326	2.853071	-3.004537	0.042314	1.100461	5.423952	2.611624	-5.329056	0.114242	-0.061397	4.615796	10.202006	1.867844	2.650284	6.546168	
-1.018682	-0.924826	2.412489	1.953379	2.704036	5.663114	2.201699	-3.070141	0.342556	1.317147	5.549015	1.861144	-5.280177	0.598094	0.237360	4.715044	10.337573	1.508300	2.625547	6.418675	
-1.324295	-0.587645	2.489780	2.322972	3.008784	5.702954	1.512058	-3.035320	0.565785	1.585750	5.646849	1.091672	-5.125796	0.919707	0.629310	4.895686	10.388883	1.114882	2.629389	6.297269	
-1.562666	-0.239999	2.587053	2.688995	3.330338	5.655913	0.806959	-2.905375	0.709210	1.887005	5.708438	0.315645	-4.880408	1.078605	1.071181	5.168309	10.339873	0.678729	2.671473	6.186916	
-1.743851	0.109184	2.715357	3.054187	3.657932	5.506659	0.112762	-2.688457	0.780723	2.200716	5.724438	-0.451282	-4.552161	1.090471	1.522811	5.533712	10.172003	0.194499	2.759655	6.092422	
-1.879583	0.452701	2.883208	3.421704	3.976150	5.242774	-0.541652	-2.396785	0.797591	2.509679	5.687155	-1.190099	-4.144884	0.984541	1.950550	5.983776	9.864126	-0.336490	2.897539	6.018917	
-1.982033	0.785047	3.096825	3.794393	4.264608	4.857413	-1.126815	-2.047898	0.783482	2.802338	5.591628	-1.879763	-3.661517	0.800424	2.329777	6.501376	9.394140	-0.904444	3.081677	5.972310	
-2.062360	1.102274	3.360683	4.173825	4.498065	4.352399	-1.615345	-1.664812	0.764075	3.073717	5.435808	-2.499521	-3.108079	0.583674	2.646852	7.060823	8.742390	-1.490279	3.298603	5.959007	
-2.128968	1.401727	3.678025	4.559003	4.647193	3.740883	-1.985260	-1.274595	0.762163	3.324660	5.220065	-3.031857	-2.496704	0.380463	2.900298	7.629493	7.895989	-2.066604	3.522821	5.984914	
-2.185900	1.681565	4.050977	4.944842	4.680144	3.049048	-2.223081	-0.904381	0.793788	3.559317	4.946251	-3.464914	-1.846934	0.231813	3.100375	8.171196	6.853065	-2.600056	3.717343	6.053500	
-2.230841	1.940174	4.480314	5.320455	4.565515	2.316375	-2.326220	-0.576337	0.866304	3.782619	4.617298	-3.793761	-1.185013	0.168803	3.266794	8.649973	5.625479	-3.054197	3.837998	6.163521	
-2.254014	2.175814	4.964548	5.667293	4.276787	1.593421	-2.304273	-0.302938	0.979091	3.998292	4.236766	-4.020433	-0.540963	0.209985	3.424653	9.032936	4.240031	-3.391715	3.841364	6.307154	
-2.238224	2.386188	5.498430	5.957840	3.798149	0.937440	-2.178753	-0.085079	1.126281	4.207683	3.808970	-4.152647	0.055031	0.361091	3.599635	9.291122	2.737916	-3.575347	3.695920	6.470241	
-2.161082	2.568940	6.071472	6.155740	3.131756	0.405331	-1.980376	0.086750	1.300010	4.409709	3.338959	-4.201655	0.576496	0.617067	3.813789	9.398058	1.173872	-3.568529	3.393728	6.634466	
-1.999949	2.722701	6.666544	6.218408	2.303388	0.044693	-1.743420	0.227954	1.493416	4.600997	2.832402	-4.179951	1.003238	0.964990	4.082328	9.328024	-0.385358	-3.339552	2.960923	6.781825	
-1.739318	2.849067	7.260048	6.102598	1.365372	-0.115590	-1.497544	0.354429	1.702075	4.776494	2.295675	-4.098946	1.322757	1.387021	4.411455	9.055385	-1.864589	-2.871715	2.462224	6.899428	
-1.378240	2.954254	7.823830	5.773110	0.392969	-0.073594	-1.259392	0.478722	1.923866	4.929685	1.735742	-3.967437	1.530311	1.862383	4.797011	8.556537	-3.187989	-2.179011	1.994920	6.983124	
-0.934771	3.049115	8.328815	5.211973	-0.526522	0.141851	-1.028855	0.608640	2.158208	5.053130	1.160416	-3.790891	1.628847	2.368555	5.223752	7.814550	-4.291522	-1.320214	1.668529	7.037311	
-0.444523	3.146917	8.748570	4.425272	-1.309381	0.474324	-0.792476	0.748064	2.404969	5.138674	0.578420	-3.571350	1.628265	2.882239	5.665318	6.825219	-5.135956	-0.401240	1.573153	7.069687	
0.046616	3.259182	9.061865	3.444683	-1.890130	0.851531	-0.533228	0.898050	2.663456	5.177832	-0.000142	-3.308336	1.544987	3.380679	6.085800	5.602199	-5.712855	0.441943	1.748439	7.085189	
0.493484	3.392304	9.253261	2.324019	-2.229791	1.202929	-0.241070	1.058164	2.931656	5.162168	-0.563684	-3.000379	1.401086	3.843492	6.443197	4.179814	-6.038243	1.075401	2.167529	7.084912	
0.863196	3.546011	9.313265	1.131658	-2.316282	1.477532	0.081406	1.227842	3.205960	5.083983	-1.099182	-2.647055	1.223137	4.255244	6.694600	2.613092	-6.136113	1.400623	2.743745	7.072721	
1.142825	3.714155	9.238355	-0.058545	-2.159942	1.656004	0.420914	1.407759	3.481488	4.937013	-1.592849	-2.251111	1.040311	4.607930	6.802263	0.975428	-6.021575	1.377492	3.356112	7.064074	
1.341284	3.886816	9.031152	-1.175975	-1.788745	1.752441	0.760131	1.600201	3.752583	4.717026	-2.031273	-1.820065	0.881587	4.902211	6.738974	-0.646138	-5.694152	1.033385	3.883086	7.087726	
1.484632	4.052490	8.700364	-2.161382	-1.245155	1.806992	1.084698	1.808266	4.013035	4.422217	-2.402666	-1.367024	0.772812	5.146565	6.491614	-2.159261	-5.145935	0.458618	4.234102	7.176320	
1.607652	4.199767	8.260124	-2.973103	-0.583952	1.871998	1.386816	2.033884	4.255952	4.053663	-2.698210	-0.910131	0.733534	5.354366	6.061675	-3.478496	-4.380867	-0.212163	4.370294	7.350693	
1.745567	4.317926	7.728322	-3.590592	0.131963	1.996676	1.665039	2.276122	4.473372	3.615552	-2.912655	-0.470493	0.775292	5.539227	5.463213	-4.539607	-3.434679	-0.832042	4.309095	7.608835	
1.926326	4.396168	7.124725	-4.014070	0.838242	2.215268	1.921490	2.530285	4.655943	3.115681	-3.044374	-0.069495	0.900709	5.710565	4.718938	-5.310451	-2.382010	-1.279612	4.111069	7.927406	
2.163889	4.421970	6.469818	-4.260256	1.477227	2.541033	2.159519	2.787890	4.793180	2.565764	-3.094689	0.274328	1.104009	5.870833	3.856197	-5.793514	-1.324699	-1.486829	3.854361	8.274232	
2.454161	4.380399	5.785033	-4.355785	2.005297	2.967266	2.382784	3.037652	4.874392	1.981590	-3.067372	0.548095	1.372351	6.014781	2.903876	-6.018255	-0.367342	-1.445357	3.609379	8.621533	
2.774802	4.255286	5.094000	-4.330494	2.396738	3.472527	2.596300	3.266653	4.890120	1.382880	-2.967907	0.746479	1.688062	6.130844	1.891170	-6.027431	0.406971	-1.193428	3.424890	8.952172	
3.088729	4.033232	4.424049	-4.212622	2.644267	4.027890	2.807078	3.461595	4.833580	0.792110	-2.803329	0.872445	2.031440	6.203532	0.847599	-5.863389	0.950232	-0.794020	3.327422	9.258916	
3.349236	3.709029	3.805810	-4.026310	2.756717	4.603678	3.023956	3.609630	4.702020	0.232943	-2.582444	0.936654	2.383594	6.216847	-0.196038	-5.559235	1.251896	-0.315458	3.328484	9.540264	
3.505555	3.291234	3.270532	-3.791179	2.754934	5.174268	3.255822	3.698594	4.497671	-0.272024	-2.315911	0.955654	2.728873	6.156840	-1.207371	-5.136816	1.333903	0.181841	3.431681	9.796112	
3.508804	2.806188	2.844461	-3.522622	2.667008	5.720693	3.508874	3.716769	4.228322	-0.703427	-2.016309	0.948974	3.056734	6.013636	-2.153161	-4.609884	1.242553	0.652356	3.636769	10.024088	
3.318608	2.298176	2.542484	-3.232453	2.523288	6.230933	3.783999	3.652762	3.907670	-1.047110	-1.697448	0.936226	3.361869	5.782429	-3.001754	-3.990809	1.039405	1.068024	3.940262	10.216442	
2.910264	1.825109	2.363237	-2.929434	2.352189	6.699259	4.074656	3.496234	3.555350	-1.295375	-1.373286	0.934451	3.643469	5.463518	-3.726760	-3.296789	0.791861	1.417948	4.334353	10.357418	
2.281362	1.449824	2.289012	-2.620343	2.177182	7.124431	4.366294	3.239270	3.196254	-1.447526	-1.055998	0.956278	3.903480	5.061564	-4.310353	-2.554156	0.563299	1.705813	4.806395	10.421339	
1.456257	1.228826	2.291751	-2.311629	2.015614	7.508155	4.637338	2.878960	2.858982	-1.509298	-0.754744	1.009476	4.144684	4.584453	-4.745490	-1.798445	0.404579	1.945733	5.339463	10.372785	
0.486316	1.200494	2.343752	-2.011014	1.878740	7.853756	4.861202	2.420277	2.573102	-1.491353	-0.474541	1.097409	4.369096	4.042019	-5.035821	-1.070822	0.348275	2.157616	5.913640	10.169347	
-0.555306	1.375088	2.429113	-1.727956	1.772535	8.165285	5.009763	1.878141	2.365197	-1.406607	-0.216478	1.220221	4.576957	3.445157	-5.193427	-0.412189	0.407092	2.363131	6.507386	9.767286	
-1.584885	1.728256	2.549562	-1.472647	1.699139	8.446745	5.056926	1.277838	2.254512	-1.267284	0.021387	1.376085	4.766187	2.805016	-5.235178	0.142680	0.576154	2.583234	7.097722	9.128931	
-2.522257	2.199989	2.721083	-1.254386	1.657764	8.701662	4.982422	0.653116	2.249027	-1.082269	0.242564	1.562125	4.932422	2.132745	-5.178724	0.569445	0.837641	2.836984	7.659615	8.229981	
-3.303456	2.701978	2.962404	-1.080258	1.645278	8.932505	4.774444	0.041993	2.343194	-0.855614	0.450690	1.774957	5.069220	1.439660	-5.038992	0.856110	1.166138	3.141115	8.164182	7.064430	
-3.886078	3.132913	3.280802	-0.953595	1.656861	9.140423	4.431517	-0.518415	2.518227	-0.587024	0.648397	2.010721	5.168544	0.737723	-4.826457	1.003158	1.533365	3.509101	8.576487	5.646864	
-4.245552	3.399554	3.662954	-0.871115	1.686745	9.325172	3.962616	-0.996664	2.745223	-0.274283	0.837065	2.264670	5.221501	0.040136	-4.546885	1.022508	1.911678	3.949446	8.853318	4.013414	
-4.366335	3.437935	4.075189	-0.819367	1.729669	9.485215	3.386031	-1.370205	2.990413	0.083450	1.016961	2.531001	5.218996	-0.638180	-4.202657	0.935839	2.276459	4.462958	8.942558	2.223265	
-4.236474	3.231355	4.473312	-0.773148	1.782589	9.617823	2.726791	-1.625959	3.221379	0.483173	1.188179	2.802628	5.152951	-1.280691	-3.795092	0.772931	2.607839	5.039822	8.786211	0.361314	
-3.853836	2.820634	4.817637	-0.699736	1.845687	9.719322	2.013889	-1.759080	3.412739	0.916857	1.351497	3.071595	5.017435	-1.869904	-3.327653	0.569085	2.892206	5.657378	8.328795	-1.462164	
-3.244821	2.300158	5.086543	-0.568968	1.922544	9.785209	1.277349	-1.770701	3.550017	1.372145	1.509253	3.329475	4.809710	-2.388911	-2.808531	0.361556	3.123786	6.280393	7.531465	-3.120517	
-2.484882	1.793235	5.281875	-0.364478	2.019063	9.810375	0.545837	-1.665917	3.631378	1.834424	1.665384	3.567896	4.530754	-2.823456	-2.252232	0.185464	3.305415	6.864846	6.388148	-4.492335	
-1.700563	1.409030	5.422617	-0.088573	2.141566	9.789249	-0.154920	-1.452829	3.667180	2.289380	1.824710	3.778966	4.185481	-3.163818	-1.679248	0.069573	3.448178	7.364707	4.935894	-5.487985	
-1.040272	1.199944	5.531913	0.242109	2.294546	9.716136	-0.803220	-1.142547	3.677642	2.725199	1.991392	3.955279	3.782366	-3.405782	-1.114008	0.033151	3.569326	7.738973	3.253624	-6.065051	
-0.624412	1.145693	5.628293	0.607368	2.478945	9.585418	-1.382018	-0.750001	3.689504	3.133814	2.167149	4.089740	3.332750	-3.550868	-0.581595	0.084762	3.688724	7.956376	1.449138	-6.222478	
-0.502171	1.173134	5.725301	0.993705	2.691971	9.391781	-1.879227	-0.294646	3.731690	3.511048	2.349586	4.175582	2.850442	-3.605431	-0.104161	0.223125	3.824648	7.996537	-0.357923	-5.981795	
-0.636274	1.198442	5.833568	1.399728	2.927550	9.130294	-2.288197	0.199336	3.831021	3.855779	2.531069	4.206670	2.351150	-3.579217	0.302080	0.439344	3.990529	7.848544	-2.051359	-5.374363	
-0.919443	1.167688	5.958928	1.834710	3.177017	8.796358	-2.607996	0.704309	4.008196	4.168617	2.698592	4.178410	1.852035	-3.483928	0.628411	0.719837	4.192676	7.509475	-3.530659	-4.445416	
-1.212825	1.075775	6.099325	2.311931	3.429121	8.385591	-2.842979	1.191204	4.275213	4.450225	2.834557	4.089261	1.371223	-3.331964	0.874008	1.048972	4.429542	6.983742	-4.722536	-3.268342	
-1.390831	0.958255	6.246762	2.840599	3.669173	7.894252	-3.001546	1.632053	4.633963	4.700037	2.918453	3.942351	0.926746	-3.135658	1.044956	1.411047	4.691960	6.283456	-5.591233	-1.951938	
-1.373879	0.864998	6.393831	3.419494	3.878008	7.320612	-3.093924	2.002378	5.076492	4.915455	2.929344	3.747088	0.535054	-2.907004	1.152553	1.791897	4.964319	5.428306	-6.142086	-0.629237	
-1.138767	0.834145	6.539181	4.035505	4.031126	6.667712	-3.129749	2.283174	5.586081	5.091468	2.849003	3.519633	0.209318	-2.656991	1.211318	2.179553	5.226263	4.444420	-6.414575	0.568585	
-0.709011	0.881307	6.687590	4.665874	4.099143	5.946676	-3.116046	2.462294	6.139457	5.220747	2.665287	3.282204	-0.042335	-2.395200	1.236713	2.564810	5.454629	3.362450	-6.466546	1.538057	
-0.136274	1.004938	6.846298	5.281227	4.050062	5.180331	-3.056301	2.535702	6.709203	5.294637	2.375144	3.060557	-0.217583	-2.129372	1.243405	2.941048	5.625455	2.215819	-6.356154	2.217374	
0.517014	1.198682	7.021764	5.847108	3.854264	4.405309	-2.951406	2.508446	7.266805	5.304354	1.986612	2.880323	-0.319482	-1.865094	1.244043	3.304072	5.715843	1.039858	-6.128677	2.586880	
1.190012	1.461450	7.218548	6.323713	3.491637	3.670981	-2.801793	2.395327	7.786013	5.242454	1.518961	2.762625	-0.354792	-1.605886	1.248805	3.651496	5.705732	-0.128235	-5.811246	2.662180	
1.831046	1.800969	7.439340	6.665746	2.959608	3.034407	-2.610041	2.219963	8.246449	5.104243	1.000483	2.720517	-0.331292	-1.353725	1.265216	3.982026	5.579402	-1.249420	-5.415057	2.485662	
2.401557	2.230839	7.684423	6.823334	2.279794	2.550332	-2.381558	2.011804	8.636260	4.888124	0.464698	2.756931	-0.255558	-1.109865	1.298676	4.294854	5.326917	-2.283746	-4.942635	2.119144	
2.877681	2.764241	7.949318	6.745496	1.500479	2.257854	-2.122939	1.801686	8.952721	4.595871	-0.054503	2.864489	-0.131833	-0.875467	1.352695	4.588960	4.945231	-3.193005	-4.397196	1.636697	
3.250222	3.407198	8.220280	6.386399	0.692617	2.168143	-1.838245	1.617148	9.200816	4.231886	-0.527332	3.027430	0.037776	-0.652116	1.429233	4.862631	4.438802	-3.944772	-3.791005	1.115966	
3.522705	4.153931	8.468476	5.714241	-0.059957	2.256993	-1.526488	1.479526	9.390164	3.802430	-0.931009	3.224503	0.252017	-0.441972	1.528661	5.112967	3.819466	-4.516553	-3.149578	0.627842	
3.708237	4.985217	8.644828	4.722267	-0.674537	2.467617	-1.183192	1.402986	9.531690	3.314819	-1.250364	3.432617	0.508712	-0.247520	1.649960	5.335780	3.105604	-4.898269	-2.510307	0.226162	
3.825836	5.869732	8.679140	3.440498	-1.083780	2.724788	-0.806113	1.395127	9.634629	2.776988	-1.477225	3.630138	0.803203	-0.071031	1.790833	5.525658	2.320737	-5.091937	-1.915649	-0.058987	
3.896904	6.767192	8.486755	1.944512	-1.248428	2.958313	-0.400763	1.458167	9.704606	2.197157	-1.608364	3.799713	1.127948	0.086167	1.947997	5.676340	1.491764	-5.108880	-1.403875	-0.222243	
3.942693	7.632388	7.984255	0.355452	-1.168418	3.127055	0.018563	1.590595	9.742673	1.584058	-1.643733	3.930124	1.472671	0.224421	2.117380	5.781324	0.647197	-4.965581	-1.000845	-0.277920	
3.982311	8.418869	7.112079	-1.174348	-0.891887	3.231662	0.434574	1.788637	9.745010	0.947265	-1.584902	4.017550	1.825259	0.345869	2.294772	5.834569	-0.184179	-4.680075	-0.715495	-0.251697	
4.031386	9.082705	5.856304	-2.488823	-0.515607	3.306219	0.835783	2.046819	9.703511	0.297705	-1.434319	4.066094	2.173076	0.454422	2.476257	5.831335	-0.974725	-4.270383	-0.539261	-0.171906	
4.101139	9.585214	4.261073	-3.458007	-0.167548	3.391039	1.222666	2.357929	9.606288	-0.352011	-1.195975	4.087380	2.504453	0.554967	2.658390	5.768652	-1.699327	-3.754607	-0.449213	-0.062680	
4.198294	9.895459	2.426275	-3.995176	0.031845	3.503682	1.608774	2.713318	9.438430	-0.987467	-0.876802	4.099476	2.809627	0.652161	2.838229	5.645994	-2.336848	-3.152575	-0.413238	0.059773	
4.325733	9.992314	0.492427	-4.057459	0.016712	3.628487	2.016958	3.104052	9.182443	-1.593235	-0.488650	4.125011	3.081369	0.749404	3.013242	5.465121	-2.871674	-2.487120	-0.396071	0.187733	
4.483414	9.866361	-1.381942	-3.641076	-0.191120	3.732164	2.471623	3.522128	8.818803	-2.154444	-0.050409	4.188089	3.314866	0.847423	3.181084	5.230277	-3.294908	-1.784598	-0.364617	0.320535	
4.669384	9.521389	-3.046303	-2.785863	-0.482161	3.791789	2.988326	3.959217	8.326372	-2.658712	0.410965	4.310365	3.507407	0.943925	3.339465	4.948033	-3.604715	-1.073793	-0.292275	0.462009	
4.880159	8.974598	-4.385557	-1.587072	-0.696069	3.814040	3.565469	4.402268	7.684278	-3.097125	0.860573	4.506798	3.657880	1.033650	3.486199	4.626811	-3.805993	-0.383513	-0.161257	0.617484	
5.110422	8.254515	-5.342696	-0.196571	-0.680646	3.830892	4.184092	4.827096	6.876152	-3.463035	1.257504	4.781917	3.766831	1.109261	3.619389	4.276587	-3.909106	0.260180	0.037138	0.792039	
5.352332	7.396179	-5.926412	1.202021	-0.343275	3.877781	4.814337	5.193842	5.896939	-3.749166	1.558414	5.127205	3.837390	1.163032	3.737771	3.908307	-3.928019	0.836506	0.303606	0.989840	
5.595236	6.435029	-6.198302	2.435849	0.328669	3.974846	5.421040	5.448110	4.761822	-3.944861	1.723443	5.520547	3.877104	1.188595	3.841029	3.533191	-3.878360	1.331412	0.632817	1.213938	
5.825251	5.401786	-6.245630	3.378993	1.280437	4.126337	5.965033	5.529665	3.514357	-4.036133	1.724652	5.928624	3.899777	1.182367	3.929797	3.162002	-3.775563	1.737966	1.015914	1.466960	
6.025246	4.319924	-6.153053	3.965068	2.419404	4.333631	6.403368	5.385866	2.229340	-4.010095	1.555354	6.312374	3.925511	1.144201	4.005480	2.804356	-3.633622	2.055634	1.442479	1.751306	
6.174578	3.206627	-5.983192	4.178673	3.643048	4.606699	6.690526	4.986603	1.006372	-3.863106	1.236636	6.635370	3.977651	1.076723	4.070003	2.468291	-3.464227	2.288841	1.902137	2.068970	
6.249163	2.076774	-5.769092	4.039313	4.855761	4.965022	6.779350	4.336045	-0.047968	-3.608457	0.816091	6.872146	4.076749	0.984213	4.125483	2.160201	-3.276701	2.445563	2.385459	2.420765	
6.221706	0.948035	-5.515827	3.589094	5.974159	5.428539	6.621126	3.478410	-0.844725	-3.278362	0.356141	7.012909	4.233936	0.871522	4.174330	1.884754	-3.077904	2.535893	2.884309	2.804818	
6.063063	-0.153884	-5.207816	2.888340	6.926307	6.002987	6.167392	2.496423	-1.335498	-2.916037	-0.083649	7.062554	4.447745	0.743628	4.219503	1.645088	-2.872926	2.571060	3.391760	3.214885	
5.745337	-1.192011	-4.820786	2.016413	7.651731	6.665335	5.379484	1.503601	-1.525624	-2.560937	-0.461032	7.035142	4.705953	0.606125	4.264361	1.442977	-2.665372	2.562492	3.901721	3.638491	
5.246844	-2.119247	-4.336366	1.070911	8.107557	7.356065	4.248709	0.630790	-1.473220	-2.235598	-0.755582	6.948148	4.990806	0.465641	4.312578	1.278956	-2.457855	2.521249	4.408477	4.055457	
4.558776	-2.884347	-3.756617	0.158025	8.280555	7.986632	2.821458	0.005956	-1.272167	-1.942666	-0.964030	6.818711	5.284348	0.329680	4.367370	1.152258	-2.252385	2.457711	4.906268	4.437457	
3.691959	-3.442577	-3.112056	-0.626669	8.196754	8.465197	1.211681	-0.272041	-1.019841	-1.672558	-1.092581	6.662383	5.571800	0.206099	4.430974	1.061131	-2.050569	2.381311	5.389064	4.749542	
2.680532	-3.766621	-2.456864	-1.220154	7.918646	8.728900	-0.416020	-0.158160	-0.780076	-1.414259	-1.150752	6.493183	5.842734	0.102330	4.504057	1.002904	-1.853897	2.300490	5.850391	4.953614	
1.580971	-3.853369	-1.852066	-1.603712	7.526708	8.763484	-1.890624	0.325841	-0.561116	-1.161452	-1.147862	6.323476	6.090863	0.024431	4.585565	0.974156	-1.663658	2.222404	6.283648	5.013902	
0.465315	-3.724199	-1.344690	-1.797624	7.095916	8.599265	-3.081871	1.097854	-0.323178	-0.914089	-1.091529	6.164048	6.313098	-0.023693	4.672949	0.970981	-1.481105	2.152978	6.682479	4.903035	
-0.589466	-3.420447	-0.954125	-1.843850	6.680262	8.291348	-3.925562	2.038769	-0.009419	-0.680520	-0.988375	6.024057	6.508439	-0.040667	4.762573	0.989043	-1.307295	2.096885	7.041204	4.607456	
-1.513211	-2.996618	-0.671281	-1.787465	6.310470	7.898771	-4.421237	3.022557	0.420811	-0.479551	-0.846431	5.910666	6.677115	-0.027873	4.850344	1.023912	-1.142958	2.057564	7.355149	4.130363	
-2.251742	-2.513233	-0.468351	-1.664970	5.999731	7.471301	-4.612707	3.943292	0.973487	-0.338924	-0.676942	5.828590	6.820373	0.010930	4.932231	1.071423	-0.988538	2.037160	7.620621	3.491767	
-2.771690	-2.028698	-0.311964	-1.500527	5.750931	7.044582	-4.565149	4.731015	1.619711	-0.287617	-0.493687	5.779853	6.940385	0.070118	5.004917	1.127878	-0.844073	2.036855	7.835069	2.725774	
-3.060071	-1.591436	-0.174014	-1.307910	5.562134	6.640432	-4.346473	5.354770	2.307738	-0.346344	-0.309796	5.764329	7.040022	0.142766	5.065991	1.190254	-0.709217	2.057006	7.996890	1.875873	
-3.120460	-1.232877	-0.036713	-1.094036	5.429391	6.269849	-4.016456	5.815677	2.978518	-0.521170	-0.134458	5.780716	7.122335	0.221458	5.114267	1.256512	-0.583275	2.097313	8.105343	0.989867	
-2.967997	-0.964002	0.107761	-0.862137	5.348046	5.936202	-3.622223	6.135465	3.578902	-0.802708	0.028447	5.827807	7.190034	0.298721	5.149710	1.325627	-0.465251	2.156990	8.160560	0.115341	
-2.625577	-0.775604	0.260771	-0.613568	5.313198	5.638022	-3.198038	6.345255	4.068932	-1.169788	0.178739	5.904882	7.244710	0.367172	5.173507	1.397536	-0.354027	2.234948	8.163646	-0.703953	
-2.122210	-0.642467	0.420992	-0.348634	5.319881	5.371112	-2.767114	6.477076	4.423834	-1.594813	0.316756	6.011997	7.286536	0.419857	5.187927	1.473226	-0.248581	2.329866	8.116814	-1.430941	
-1.492353	-0.530070	0.587008	-0.067096	5.363320	5.129864	-2.344339	6.558965	4.632442	-2.049017	0.440155	6.149020	7.314514	0.450436	5.196272	1.554510	-0.147950	2.440214	8.023484	-2.037418	
-0.775306	-0.402237	0.757943	0.231356	5.438860	4.907917	-1.938597	6.612681	4.694070	-2.506380	0.542395	6.314342	7.327205	0.453492	5.202510	1.644017	-0.051283	2.564307	7.888444	-2.505610	
-0.013328	-0.227978	0.932557	0.546466	5.541757	4.698518	-1.554811	6.653337	4.614866	-2.945544	0.612324	6.503341	7.323486	0.425254	5.211249	1.744965	0.041867	2.700207	7.717702	-2.828811	
0.751754	0.013753	1.108183	0.876817	5.667010	4.494995	-1.195316	6.690068	4.405294	-3.350236	0.635515	6.706625	7.303729	0.364216	5.227068	1.860850	0.131663	2.845874	7.518299	-3.010955	
1.482620	0.331915	1.280229	1.219515	5.809224	4.290958	-0.860785	6.727191	4.078192	-3.708620	0.596724	6.909337	7.271028	0.272073	5.254216	1.995084	0.217881	2.999116	7.297962	-3.065044	
2.150120	0.723979	1.442772	1.570032	5.962466	4.080582	-0.550973	6.765514	3.647778	-4.011386	0.482566	7.091444	7.231967	0.154394	5.295698	2.150709	0.299969	3.157556	7.064552	-3.010274	
2.735443	1.178512	1.590250	1.922509	6.120498	3.859021	-0.264999	6.803293	3.129507	-4.249812	0.284294	7.228854	7.197192	0.020584	5.352966	2.329879	0.377108	3.318686	6.825665	-2.869004	
3.230247	1.678739	1.718868	2.270535	6.276862	3.622634	-0.001560	6.837371	2.540226	-4.413946	0.000375	7.295877	7.180936	-0.116229	5.425564	2.533366	0.448308	3.480017	6.588280	-2.663806	
3.635151	2.206163	1.827690	2.607932	6.425163	3.369190	0.241030	6.863879	1.898585	-4.491621	-0.361337	7.268102	7.199485	-0.239838	5.511062	2.760009	0.512474	3.639111	6.358555	-2.415356	
3.957473	2.743499	1.918536	2.929541	6.559110	3.098105	0.464757	6.878925	1.225708	-4.468785	-0.782667	7.125898	7.268399	-0.331632	5.605545	3.006234	0.568643	3.793744	6.141601	-2.141059	
4.208555	3.276341	1.995398	3.231413	6.672624	2.810237	0.671868	6.879102	0.545097	-4.331104	-1.235217	6.857989	7.399110	-0.370843	5.703806	3.265475	0.616091	3.942053	5.941536	-1.854437	
4.401467	3.793973	2.063513	3.510799	6.759916	2.507893	0.864746	6.861810	-0.117801	-4.067076	-1.682654	6.464784	7.596067	-0.335166	5.799415	3.527731	0.654663	4.082593	5.761669	-1.565334	
4.549455	4.289460	2.128189	3.765801	6.815542	2.194679	1.045963	6.825659	-0.736869	-3.671918	-2.084915	5.960312	7.855040	-0.201867	5.884426	3.779275	0.685118	4.214553	5.604416	-1.280313	
4.664833	4.759082	2.193960	3.995100	6.834675	1.875405	1.218090	6.770613	-1.287432	-3.150737	-2.404412	5.372060	8.163904	0.049943	5.948633	4.002879	0.709589	4.337885	5.471340	-1.003400	
4.758363	5.201522	2.264007	4.197399	6.813329	1.555963	1.383548	6.698130	-1.748523	-2.520300	-2.611914	4.737910	8.505128	0.435518	5.978674	4.178706	0.732148	4.453281	5.363267	-0.736635	
4.839085	5.617106	2.339631	4.371190	6.748708	1.243076	1.544456	6.610982	-2.105080	-1.807928	-2.690968	4.100672	8.859579	0.959779	5.957134	4.286582	0.759260	4.562116	5.279988	-0.480744	
4.914340	6.007144	2.420159	4.514612	6.639673	0.944020	1.702276	6.513124	-2.349467	-1.048084	-2.639298	3.501492	9.209961	1.613172	5.862460	4.309682	0.800175	4.666382	5.220155	-0.235534	
4.989973	6.373260	2.502911	4.625336	6.487165	0.666254	1.857806	6.409233	-2.481533	-0.277205	-2.467069	2.974330	9.543303	2.368893	5.669291	4.239309	0.866357	4.768703	5.180948	-0.000334	
5.070545	6.716928	2.583039	4.700930	6.294466	0.416966	2.011135	6.304545	-2.507768	0.471006	-2.192851	2.542673	9.852267	3.182685	5.350920	4.080014	0.970303	4.872274	5.157950	0.225733	
5.159701	7.038871	2.653712	4.739191	6.067430	0.202630	2.161743	6.204216	-2.439573	1.169402	-1.839114	2.219237	10.135052	3.994927	4.883520	3.853141	1.123648	4.980998	5.145039	0.443472	
5.260214	7.338903	2.706296	4.738731	5.814583	0.028484	2.308669	6.113044	-2.291159	1.799062	-1.428238	2.007790	10.394464	4.735065	4.253207	3.596783	1.335293	5.099491	5.134554	0.653515	
5.374273	7.615453	2.730868	4.699845	5.546648	-0.101934	2.450923	6.035079	-2.077864	2.349326	-0.979818	1.905890	10.636186	5.327822	3.464405	3.360063	1.610650	5.232405	5.117635	0.856162	
5.503852	7.865417	2.716733	4.625345	5.275985	-0.186978	2.587771	5.973414	-1.814700	2.816686	-0.509248	1.907926	10.866213	5.701098	2.546517	3.191813	1.953135	5.382961	5.084318	1.051284	
5.650617	8.083922	2.653347	4.521205	5.015611	-0.227058	2.719133	5.930069	-1.515306	3.203154	-0.027291	2.007573	11.087710	5.794426	1.555605	3.125440	2.367533	5.551239	5.023506	1.238719	
5.816142	8.264175	2.531479	4.396898	4.778108	-0.224522	2.845580	5.906030	-1.191766	3.514420	0.459779	2.199422	11.297890	5.566579	0.568177	3.165535	2.861917	5.732730	4.922425	1.418849	
6.002042	8.397391	2.344449	4.265036	4.574538	-0.183360	2.968349	5.901399	-0.854416	3.758463	0.949549	2.479591	11.484773	5.001191	-0.331205	3.281926	3.445055	5.918009	4.766278	1.593054	
6.210358	8.472745	2.089325	4.140459	4.413744	-0.108692	3.089145	5.915571	-0.512029	3.944465	1.443049	2.845512	11.624380	4.109600	-1.063255	3.416302	4.117937	6.093715	4.538898	1.764050	
6.443593	8.477501	1.767772	4.038651	4.302024	-0.006482	3.209835	5.947463	-0.171905	4.082068	1.943961	3.294549	11.678927	2.931643	-1.563079	3.501028	4.863647	6.244954	4.225634	1.935977	
6.704827	8.397210	1.386457	3.973582	4.243543	0.117009	3.332162	5.995737	0.159888	4.180997	2.457798	3.821761	11.596604	1.535099	-1.783507	3.485896	5.643345	6.357741	3.817947	2.113473	
6.997234	8.216202	0.956829	3.955350	4.240989	0.255458	3.457447	6.058900	0.478542	4.250886	2.990958	4.416322	11.314170	0.014205	-1.697911	3.364172	6.403776	6.420421	3.318043	2.300185	
7.323008	7.918465	0.494294	3.987946	4.296467	0.402753	3.586373	6.135426	0.780365	4.301117	3.549381	5.057184	10.763967	-1.515539	-1.309664	3.187400	7.095233	6.420857	2.740540	2.496977	
7.681881	7.488870	0.017221	4.067558	4.412005	0.553288	3.718934	6.223907	1.062880	4.340899	4.137055	5.708208	9.886368	-2.930547	-0.670044	3.057947	7.690584	6.338597	2.110477	2.700893	
8.069140	6.915050	-0.454119	4.181821	4.589304	0.702551	3.854264	6.323077	1.324865	4.379043	4.754074	6.314165	8.646317	-4.121052	0.106444	3.094266	8.192087	6.136497	1.459043	2.904604	
8.474281	6.190013	-0.898004	4.310147	4.828932	0.847467	3.990788	6.431781	1.566608	4.423713	5.394590	6.799774	7.050286	-5.012869	0.849180	3.377424	8.619743	5.759645	0.820652	3.096316	
8.879826	5.315634	-1.291449	4.425759	5.128475	0.987649	4.126220	6.549048	1.789828	4.482057	6.044304	7.074015	5.158707	-5.575563	1.371184	3.904778	8.989972	5.147437	0.233306	3.259476	
9.261559	4.307043	-1.610138	4.499506	5.480997	1.126089	4.258101	6.673843	1.997721	4.559579	6.678713	7.042098	3.090414	-5.811784	1.529304	4.577383	9.302377	4.257934	-0.259495	3.374358	
9.590546	3.196311	-1.828965	4.506072	5.873871	1.270196	4.383939	6.804858	2.194635	4.659321	7.262376	6.625420	1.016624	-5.741743	1.276107	5.231262	9.543175	3.096003	-0.609731	3.424064	
9.838101	2.032727	-1.923815	4.431378	6.289358	1.431815	4.501443	6.940057	2.385731	4.781132	7.750029	5.787152	-0.860248	-5.402062	0.679303	5.699827	9.697270	1.729917	-0.771606	3.406197	
9.982288	0.876255	-1.875339	4.279916	6.707025	1.625591	4.608761	7.076259	2.576325	4.920797	8.090830	4.555009	-2.346152	-4.860209	-0.105033	5.878033	9.757310	0.283804	-0.712907	3.346117	
10.011799	-0.215967	-1.673823	4.078242	7.107907	1.865258	4.704181	7.208934	2.771052	5.069339	8.236172	3.028934	-3.304268	-4.221471	-0.898170	5.752905	9.726812	-1.093472	-0.427288	3.301831	
9.922568	-1.204780	-1.322699	3.872478	7.478677	2.158456	4.785941	7.332531	2.972919	5.212847	8.149479	1.364915	-3.689061	-3.604236	-1.568156	5.384612	9.620774	-2.267857	0.056821	3.353020	
9.707162	-2.077476	-0.839717	3.720401	7.813803	2.501768	4.851903	7.441133	3.182281	5.333044	7.815883	-0.260876	-3.547471	-3.094647	-2.058773	4.860015	9.464740	-3.148809	0.676515	3.575254	
9.344102	-2.844630	-0.257042	3.680989	8.115249	2.877710	4.899407	7.529823	3.396007	5.408545	7.247793	-1.693264	-2.993304	-2.716998	-2.370871	4.256012	9.289462	-3.698043	1.347439	4.010762	
8.795691	-3.527406	0.378137	3.804477	8.389998	3.254340	4.925369	7.596221	3.607304	5.417391	6.484804	-2.828527	-2.172932	-2.440945	-2.527634	3.628361	9.122860	-3.921767	1.985966	4.650634	
8.018009	-4.142368	1.001225	4.123523	8.646859	3.587422	4.926790	7.641845	3.805774	5.340011	5.587551	-3.625508	-1.234241	-2.212915	-2.553446	3.016766	8.983537	-3.855436	2.530437	5.436107	
6.978167	-4.690702	1.529338	4.643636	8.893756	3.825072	4.901887	7.672992	3.978342	5.162564	4.627631	-4.098595	-0.301913	-1.985269	-2.470815	2.451282	8.879153	-3.548725	2.952473	6.276616	
5.669960	-5.154404	1.866490	5.332202	9.137291	3.915116	4.851856	7.700829	4.110492	4.879653	3.676314	-4.298850	0.537511	-1.730160	-2.303732	1.954704	8.808757	-3.054170	3.255903	7.074144	
4.121943	-5.496923	1.919818	6.110179	9.385125	3.815931	4.782253	7.740065	4.187333	4.495551	2.795586	-4.293141	1.239011	-1.439122	-2.078513	1.541763	8.766652	-2.419708	3.466081	7.743678	
2.397767	-5.663936	1.626874	6.854036	9.650056	3.509530	4.703288	7.806580	4.194086	4.024309	2.032338	-4.147444	1.792419	-1.116011	-1.821190	1.218823	8.745721	-1.685265	3.616557	8.223190	
0.592064	-5.585343	0.988161	7.415350	9.951073	3.012858	4.628027	7.913663	4.116496	3.488621	1.416207	-3.917403	2.210607	-0.770265	-1.554156	0.984744	8.739711	-0.881985	3.737240	8.474393	
-1.176056	-5.186699	0.092489	7.660956	10.305499	2.382561	4.569304	8.068234	3.941269	2.918220	0.959707	-3.644103	2.517959	-0.411918	-1.294130	0.832826	8.744356	-0.033402	3.846673	8.478824	
-2.775294	-4.418375	-0.883885	7.524430	10.713022	1.709739	4.537319	8.267586	3.657276	2.347926	0.660075	-3.354065	2.741568	-0.049594	-1.051931	0.753224	8.757929	0.842019	3.947808	8.234874	
-4.084622	-3.295476	-1.720200	7.043947	11.144501	1.102791	4.537490	8.497615	3.257569	1.815857	0.501690	-3.061256	2.905898	0.310198	-0.833294	0.734897	8.781142	1.727519	4.027034	7.757944	
-5.022440	-1.921156	-2.226877	6.356391	11.551190	0.658915	4.568190	8.732863	2.742815	1.360702	0.459249	-2.770301	3.030784	0.662584	-0.640247	0.766824	8.816699	2.604670	4.055677	7.082641	
-5.568247	-0.465860	-2.310673	5.640638	11.889651	0.433629	4.619751	8.939345	2.125502	1.018293	0.502114	-2.480373	3.130925	1.003757	-0.472346	0.839005	8.868773	3.450313	3.994713	6.264106	
-5.761926	0.891448	-1.986739	5.047302	12.139283	0.425415	4.677177	9.080668	1.433090	0.816813	0.599436	-2.189008	3.216465	1.330606	-0.327568	0.942831	8.942148	4.234510	3.802834	5.375588	
-5.681370	2.020884	-1.340979	4.662292	12.300216	0.584458	4.725390	9.126576	0.707387	0.771629	0.726006	-1.894844	3.294373	1.640483	-0.203074	1.071154	9.041176	4.920379	3.446976	4.501829	
-5.412729	2.865967	-0.479294	4.514135	12.380144	0.834626	4.753042	9.060312	-0.001258	0.881356	0.866833	-1.598697	3.369392	1.931145	-0.095606	1.218227	9.168871	5.465993	2.913633	3.729193	
-5.028004	3.433950	0.506873	4.599760	12.382279	1.092636	4.754148	8.882577	-0.643090	1.127381	1.018297	-1.303212	3.445080	2.201012	-0.001812	1.379830	9.325676	5.828486	2.217445	3.133689	
-4.574100	3.770803	1.553595	4.905107	12.297427	1.279357	4.729300	8.611260	-1.178496	1.477156	1.185822	-1.011789	3.524277	2.449101	0.081394	1.552791	9.508658	5.970073	1.403454	2.767996	
-4.071019	3.936817	2.623001	5.413092	12.098572	1.326206	4.687495	8.277767	-1.584759	1.891200	1.378643	-0.727671	3.609103	2.674993	0.156869	1.735048	9.710848	5.864639	0.541205	2.650128	
-3.517278	3.990778	3.695717	6.101485	11.736258	1.182466	4.647406	7.920821	-1.857897	2.330832	1.604888	-0.453610	3.700648	2.878740	0.227051	1.925300	9.921314	5.503308	-0.289032	2.757735	
